  5.286591862718737e-05
  5.046391766316827e-05
  4.816347278202571e-05
  4.596061357986514e-05
  4.385151211405702e-05
  4.183247825428893e-05
  3.989995517028611e-05
  3.805051495153755e-05
  3.628085435902761e-05
  3.458779069975826e-05
  3.29682578256163e-05
  3.141930225125655e-05
  2.99380793900017e-05
  2.852184990065343e-05
  2.716797614388256e-05
  2.587391874964151e-05
  2.463723328394174e-05
  2.34555670231007e-05
  2.232665582058146e-05
  2.124832107375241e-05
  2.021846678301742e-05
  1.923507670376079e-05
  1.829621158311312e-05
  1.740000648486895e-05
  1.65446682002246e-05
  1.572847273223488e-05
  1.494976287197414e-05
  1.420694583909032e-05
  1.34984910015179e-05
  1.282292767290638e-05
  1.217884297211036e-05
  1.156487975706444e-05
  1.097973462127477e-05
  1.042215596191998e-05
  9.89094209835617e-06
  9.384939468004561e-06
  8.90304086620386e-06
  8.44418375112177e-06
  8.00734860795238e-06
  7.591557356856349e-06
  7.195871823739708e-06
  6.819392257106927e-06
  6.461255893763784e-06
  6.12063557725584e-06
  5.796738416385949e-06
  5.488804496023292e-06
  5.19610562688122e-06
  4.917944137483587e-06
  4.65365171309351e-06
  4.402588268281882e-06
  4.164140861129262e-06
  3.937722647728847e-06
  3.722771864667074e-06
  3.518750858022557e-06
  3.325145139232433e-06
  3.141462475708678e-06
  2.967232011541476e-06
  2.80200342683834e-06
  2.645346118379521e-06
  2.496848413580111e-06
  2.356116813095888e-06
  2.222775260074528e-06
  2.096464433609668e-06
  1.976841074391444e-06
  1.863577326344235e-06
  1.756360108018384e-06
  1.654890507962747e-06
  1.558883198415906e-06
  1.46806587308923e-06
  1.382178704711912e-06
  1.300973826223739e-06
  1.224214827844072e-06
  1.151676274124824e-06
  1.083143238878037e-06
  1.018410860753605e-06
  9.572839123617172e-07
  8.995763878250074e-07
  8.45111104319507e-07
  7.937193230445061e-07
  7.452403799623752e-07
  6.995213361893349e-07
  6.564166354916523e-07
  6.157877836532322e-07
  5.775030338384113e-07
  5.414370867207197e-07
  5.074708031571618e-07
  4.754909289639286e-07
  4.453898290179836e-07
  4.170652322388335e-07
  3.904199892268423e-07
  3.653618380061729e-07
  3.418031795376919e-07
  3.19660862613258e-07
  2.988559784089517e-07
  2.793136623102654e-07
  2.609629066729902e-07
  2.437363769147716e-07
  2.275702397636081e-07
  2.124039977791092e-07
  1.98180328869757e-07
  1.848449351915527e-07
  1.72346397264711e-07
  1.606360345296487e-07
  1.49667773174933e-07
  1.393980172958997e-07
  1.297855289905669e-07
  1.207913111755943e-07
  1.1237849556478e-07
  1.045122378084962e-07
  9.715961679646057e-08
  9.028953557033148e-08
  8.387263084053131e-08
  7.788118372431541e-08
  7.228903747824589e-08
  6.707151417595369e-08
  6.220534121137433e-08
  5.766857746891674e-08
  5.34405421581674e-08
  4.950175105933319e-08
  4.583385138090534e-08
  4.241956391703994e-08
  3.924262320653682e-08
  3.628772529684632e-08
  3.354047431458618e-08
  3.098733530881859e-08
  2.861558395794717e-08
  2.641326640739905e-08
  2.436915252923555e-08
  2.247269872968083e-08
  2.071400853620453e-08
  1.908379693160711e-08
  1.757335509056102e-08
  1.617451753088694e-08
  1.48796324567213e-08
  1.368153099146063e-08
  1.257350049077566e-08
  1.15492558433461e-08
  1.060291776600053e-08
  9.728986130608241e-09
  8.922318633919346e-09
  8.178110143947093e-09
  7.491871477360856e-09
  6.859410919476949e-09
  6.276816067450099e-09
  5.740436841150665e-09
  5.246869893421602e-09
  4.792942528974997e-09
  4.375698720027188e-09
  3.992385852469305e-09
  3.640441489927149e-09
  3.317482191733667e-09
  3.021291009042137e-09
  2.749807367918855e-09
  2.501117299380518e-09
  2.273443294731337e-09
  2.065135382145478e-09
  1.874664118384217e-09
  1.700610041677209e-09
  1.541659244708171e-09
  1.396593868330243e-09
  1.264286952906701e-09
  1.143696110039727e-09
  1.033857027765706e-09
  9.338794182411903e-10
  8.429400510934215e-10
  7.602800611294924e-10
  6.851987033318352e-10
  6.170500777002985e-10
  5.552393822494395e-10
  4.992185553831519e-10
  4.484835280926802e-10
  4.025707545096679e-10
  3.610540200149615e-10
  3.235420820146828e-10
  2.896755613157609e-10
  2.591250547467894e-10
  2.315890257342801e-10
  2.06790473633589e-10
  1.844763231062529e-10
  1.644153146962424e-10
  1.463954513170052e-10
  1.302239427403151e-10
  1.157243190164081e-10
  1.027355422955623e-10
  9.11113962054344e-11
  8.071837642731339e-11
  7.143496905115398e-11
  6.315131750866954e-11
  5.576705763843393e-11
  4.919109564127666e-11
  4.334144154682917e-11
  3.814309978977803e-11
  3.35286798325285e-11
  2.943711940872618e-11
  2.58132404340472e-11
  2.260724940583714e-11
  1.977429331390113e-11
  1.727407106244527e-11
  1.506994529165695e-11
  1.312938646691464e-11
  1.142308470036824e-11
  9.924505661729199e-12
  8.610334667480402e-12
  7.459144413246577e-12
  6.452394174516485e-12
  5.572986516710898e-12
  4.805933428997378e-12
  4.137912235080421e-12
  3.557154570899002e-12
  3.05266922850933e-12
  2.615241356807019e-12
  2.236766327712303e-12
  1.909583602355269e-12
  1.627364909495554e-12
  1.384226067102645e-12
  1.175171071565728e-12
  9.958700530887654e-13
  8.421041641781812e-13
  7.107647803650252e-13
  5.986322548778844e-13
  5.030420524576584e-13
  4.218847493575595e-13
  3.530509218307998e-13
  2.946531907355165e-13
  2.454703107446221e-13
  2.039479696236413e-13
  1.689759443479488e-13
  1.396660564978447e-13
  1.151301276536287e-13
  9.470202400052585e-14
  7.771561172376096e-14
  6.350475700855895e-14
  5.173639294753229e-14
  4.207745263329343e-14
  3.408384685599231e-14
  2.753353101070388e-14
  2.209343819004062e-14
  1.77635683940025e-14
  1.4210854715202e-14
  1.13242748511766e-14
  8.992806499463768e-15
  7.105427357601002e-15
  5.551115123125783e-15
  4.440892098500626e-15
  3.33066907387547e-15
  2.664535259100376e-15
  1.998401444325282e-15
  1.554312234475219e-15
  1.221245327087672e-15
  8.881784197001252e-16
  6.661338147750939e-16
  5.551115123125783e-16
  4.440892098500626e-16
  2.220446049250313e-16
  2.220446049250313e-16
  2.220446049250313e-16
  1.110223024625157e-16
  0
  0
  1.110223024625157e-16
  0
  0
  0
  0
  0
  0
  0
  0
  0
  0
  0
  0
  0
  0
  0
  0
  0
  0
  0
  0
  0
  0
  0
  0
  0
  0
  0
  0
  0
  0
  0
  0
  0
  0
  0
  0
  0
  0
  0
  0
  0
  0
  0
  0
  0
  0
  0
  0
  0
  0
  0
  0
  0
  0
  0
  0
  0
  0
  0
  0
  0
  0
  0
  0
  0
  0
  1.110223024625157e-16
  0
  0
  0
  0
  0
  1.110223024625157e-16
  0
  0
  0
  0
  0
  0
  0
  0
  1.110223024625157e-16
  0
  0
  1.110223024625157e-16
  1.110223024625157e-16
  2.220446049250313e-16
  3.33066907387547e-16
  4.440892098500626e-16
  5.551115123125783e-16
  6.661338147750939e-16
  8.881784197001252e-16
  1.221245327087672e-15
  1.554312234475219e-15
  1.998401444325282e-15
  2.55351295663786e-15
  3.33066907387547e-15
  4.440892098500626e-15
  5.551115123125783e-15
  7.105427357601002e-15
  8.992806499463768e-15
  1.13242748511766e-14
  1.4210854715202e-14
  1.77635683940025e-14
  2.209343819004062e-14
  2.753353101070388e-14
  3.408384685599231e-14
  4.207745263329343e-14
  5.173639294753229e-14
  6.350475700855895e-14
  7.771561172376096e-14
  9.470202400052585e-14
  1.152411499560912e-13
  1.396660564978447e-13
  1.689759443479488e-13
  2.039479696236413e-13
  2.453592884421596e-13
  2.946531907355165e-13
  3.530509218307998e-13
  4.218847493575595e-13
  5.031530747601209e-13
  5.986322548778844e-13
  7.107647803650252e-13
  8.421041641781812e-13
  9.958700530887654e-13
  1.175171071565728e-12
  1.384226067102645e-12
  1.627364909495554e-12
  1.909583602355269e-12
  2.236766327712303e-12
  2.615241356807019e-12
  3.05266922850933e-12
  3.557154570899002e-12
  4.137912235080421e-12
  4.805933428997378e-12
  5.572986516710898e-12
  6.452394174516485e-12
  7.459255435549039e-12
  8.610334667480402e-12
  9.924505661729199e-12
  1.142308470036824e-11
  1.312938646691464e-11
  1.507005631395941e-11
  1.727407106244527e-11
  1.977429331390113e-11
  2.260730491698837e-11
  2.581329594519843e-11
  2.943711940872618e-11
  3.35286798325285e-11
  3.814309978977803e-11
  4.334133052452671e-11
  4.919115115242789e-11
  5.576705763843393e-11
  6.315131750866954e-11
  7.143508007345645e-11
  8.071826540501092e-11
  9.111134069428317e-11
  1.027355422955623e-10
  1.157243190164081e-10
  1.302239427403151e-10
  1.463954513170052e-10
  1.644153146962424e-10
  1.844763231062529e-10
  2.06790473633589e-10
  2.315890257342801e-10
  2.591250547467894e-10
  2.896754502934584e-10
  3.235419154812291e-10
  3.610539645038102e-10
  4.025707545096679e-10
  4.484835280926802e-10
  4.992186108943031e-10
  5.55239271227137e-10
  6.170500777002985e-10
  6.851987033318352e-10
  7.6027995010719e-10
  8.42940162115724e-10
  9.338793072188878e-10
  1.033857027765706e-09
  1.143695999017424e-09
  1.264286925151126e-09
  1.39659375730794e-09
  1.541659244708171e-09
  1.700610152699511e-09
  1.874664118384217e-09
  2.06513549316778e-09
  2.273443294731337e-09
  2.501117299380518e-09
  2.749807367918855e-09
  3.021291009042137e-09
  3.317482191733667e-09
  3.640441378904846e-09
  3.9923856304247e-09
  4.375698609004885e-09
  4.792942528974997e-09
  5.246869893421602e-09
  5.740437063195269e-09
  6.276815956427796e-09
  6.859410919476949e-09
  7.491871477360856e-09
  8.178110140477646e-09
  8.922318633919346e-09
  9.728985908563637e-09
  1.060291776600053e-08
  1.15492560653907e-08
  1.257350026873105e-08
  1.368153121350524e-08
  1.48796324567213e-08
  1.617451730884234e-08
  1.757335509056102e-08
  1.908379693160711e-08
  2.071400853620453e-08
  2.247269850763622e-08
  2.436915230719094e-08
  2.641326618535444e-08
  2.861558395794717e-08
  3.098733530881859e-08
  3.354047450887521e-08
  3.628772529684632e-08
  3.924262320653682e-08
  4.241956391703994e-08
  4.583385160294995e-08
  4.950175128137779e-08
  5.34405421581674e-08
  5.766857769096134e-08
  6.220534143341894e-08
  6.70715143979983e-08
  7.228903725620128e-08
  7.788118372431541e-08
  8.387263061848671e-08
  9.028953551482033e-08
  9.715961701850517e-08
  1.045122378084962e-07
  1.123784957868246e-07
  1.207913111755943e-07
  1.297855294346562e-07
  1.393980172958997e-07
  1.496677729528884e-07
  1.606360342520929e-07
  1.723463972091999e-07
  1.848449351915527e-07
  1.98180328869757e-07
  2.124039977235981e-07
  2.275702397636081e-07
  2.437363769147716e-07
  2.609629066729902e-07
  2.793136626988435e-07
  2.98855978131396e-07
  3.19660862613258e-07
  3.418031795376919e-07
  3.653618380061729e-07
  3.904199888937754e-07
  4.170652322388335e-07
  4.453898290179836e-07
  4.754909294080178e-07
  5.074708034902287e-07
  5.414370867207197e-07
  5.775030338384113e-07
  6.157877836532322e-07
  6.564166356026746e-07
  6.995213361893349e-07
  7.452403799623752e-07
  7.937193230445061e-07
  8.451111044305293e-07
  8.995763878250074e-07
  9.572839123617172e-07
  1.018410860753605e-06
  1.083143238767015e-06
  1.151676274124824e-06
  1.224214827844072e-06
  1.300973826223739e-06
  1.382178704822934e-06
  1.468065872645141e-06
  1.558883198415906e-06
  1.654890507962747e-06
  1.756360107907362e-06
  1.863577326011168e-06
  1.976841074391444e-06
  2.096464433609668e-06
  2.222775259963505e-06
  2.35611681320691e-06
  2.496848413580111e-06
  2.645346118379521e-06
  2.80200342683834e-06
  2.967232011319432e-06
  3.141462475708678e-06
  3.325145139232433e-06
  3.518750858022557e-06
  3.722771864222985e-06
  3.937722647728847e-06
  4.164140861129262e-06
  4.402588268281882e-06
  4.653651713204532e-06
  4.917944137483587e-06
  5.19610562688122e-06
  5.488804496023292e-06
  5.796738416607994e-06
  6.120635577033795e-06
  6.461255893763784e-06
  6.819392257106927e-06
  7.195871823739708e-06
  7.591557357078393e-06
  8.00734860795238e-06
  8.44418375112177e-06
  8.903040865981815e-06
  9.384939468226605e-06
  9.89094209835617e-06
  1.042215596191998e-05
  1.097973462127477e-05
  1.156487975684239e-05
  1.217884297211036e-05
  1.282292767290638e-05
  1.34984910015179e-05
  1.420694583864623e-05
  1.494976287197414e-05
  1.572847273223488e-05
  1.65446682002246e-05
  1.740000648509099e-05
  1.829621158344619e-05
  1.923507670376079e-05
  2.021846678301742e-05
  2.12483210731973e-05
  2.232665582080351e-05
  2.34555670231007e-05
  2.463723328394174e-05
  2.58739187490864e-05
  2.716797614421562e-05
  2.852184990065343e-05
  2.99380793900017e-05
  3.141930225170064e-05
  3.296825782572732e-05
  3.458779069975826e-05
  3.628085435902761e-05
  3.805051495187062e-05
  3.989995516973099e-05
  4.183247825428893e-05
  4.385151211405702e-05
  4.596061357975412e-05
  4.816347278213673e-05
  5.046391766316827e-05
  5.286591862718737e-05
