  0.8649924966004454
  0.8487063212440628
  0.8326682993627041
  0.8168756019078838
  0.8013254197006731
  0.7860149634151212
  0.7709414635606839
  0.7561021704636801
  0.741494354247749
  0.7271153048133487
  0.7129623318162567
  0.6990327646451133
  0.6853239523979746
  0.6718332638579102
  0.6585580874676185
  0.6454958313030902
  0.6326439230462928
  0.6199998099569093
  0.607560958843107
  0.5953248560313624
  0.5832890073353245
  0.5714509380237361
  0.5598081927874052
  0.548358335705239
  0.5370989502093325
  0.5260276390491301
  0.5151420242546473
  0.5044397470987689
  0.493918468058624
  0.4835758667760367
  0.4734096420170613
  0.4634175116306077
  0.4535972125061587
  0.4439465005305762
  0.4344631505440185
  0.4251449562949527
  0.4159897303942813
  0.4069953042685832
  0.398159528112469
  0.3894802708400634
  0.380955420035614
  0.3725828819032322
  0.3643605812157754
  0.356286461262868
  0.3483584837980744
  0.3405746289852218
  0.3329328953438888
  0.3254312996940483
  0.3180678770998902
  0.3108406808128125
  0.3037477822136
  0.2967872707537844
  0.2899572538961978
  0.2832558570547317
  0.2766812235332932
  0.270231514463974
  0.2639049087444408
  0.2576996029745433
  0.2516138113921578
  0.2456457658082589
  0.2397937155412454
  0.2340559273505038
  0.2284306853692353
  0.2229162910365428
  0.2175110630287872
  0.2122133371902204
  0.207021466462902
  0.2019338208159046
  0.1969487871738189
  0.1920647693445611
  0.1872801879464907
  0.1825934803348545
  0.1780031005275455
  0.1735075191302069
  0.1691052232606689
  0.164794716472739
  0.1605745186793466
  0.1564431660750515
  0.1523992110579292
  0.1484412221508266
  0.1445677839220121
  0.1407774969052218
  0.1370689775191034
  0.1334408579860766
  0.1298917862506126
  0.1264204258969375
  0.1230254560661782
  0.1197055713729447
  0.1164594818213741
  0.113285912720626
  0.1101836045998573
  0.1071513131226656
  0.1041878090010261
  0.10129187790872
  0.09846232039426883
  0.09569795179337942
  0.09299760214091207
  0.09036011608237593
  0.08778435278496738
  0.0852691858481523
  0.08281350321380893
  0.08041620707593211
  0.07807621378991586
  0.07579245378141886
  0.07356387145482141
  0.07138942510128699
  0.06926808680643393
  0.06719884235762658
  0.06518069115089814
  0.06321264609751176
  0.06129373353016992
  0.05942299310888233
  0.05759947772649987
  0.05582225341392749
  0.05409039924502085
  0.05240300724117952
  0.05075918227564702
  0.04915804197752277
  0.04759871663550067
  0.04608034910134107
  0.04460209469308701
  0.04316312109803105
  0.04176260827545034
  0.04039974835910889
  0.03907374555954685
  0.0377838160661586
  0.03652918794907695
  0.03530910106086443
  0.0341228069380303
  0.03296956870237747
  0.03184866096219147
  0.03075936971327874
  0.02970099223987124
  0.02867283701539484
  0.02767422360312574
  0.02670448255673399
  0.02576295532072866
  0.02484899413081487
  0.02396196191417051
  0.02310123218965418
  0.02226618896795536
  0.02145622665169258
  0.02067074993547479
  0.01990917370593326
  0.01917092294173255
  0.01845543261357414
  0.01776214758420051
  0.01709052250840884
  0.01644002173308744
  0.01581011919728069
  0.01520029833229709
  0.01461005196186595
  0.01403888220235704
  0.01348630036306829
  0.0129518268465971
  0.01243499104930011
  0.01193533126185445
  0.01145239456993002
  0.01098573675498082
  0.01053492219516886
  0.0100995237664257
  0.009679122743667196
  0.0092733087021655
  0.00888167941909368
  0.00850384077524724
  0.008139406656958448
  0.007787998858207273
  0.007449246982943469
  0.007122788347627113
  0.006808267883997021
  0.006505338042079367
  0.006213658693442481
  0.005932897034711282
  0.005662727491347996
  0.00540283162171068
  0.005152898021397845
  0.004912622227890406
  0.004681706625497384
  0.004459860350619627
  0.004246799197336337
  0.004042245523326327
  0.003845928156133605
  0.003657582299784967
  0.003476949441769739
  0.003303777260393492
  0.003137819532509412
  0.002978836041641952
  0.002826592486509349
  0.00268086038995452
  0.002541417008293134
  0.002408045241089285
  0.002280533541365759
  0.002158675826259893
  0.002042271388132511
  0.001931124806139106
  0.001825045858272922
  0.001723849433888258
  0.001627355446711332
  0.001535388748350353
  0.001447779042311192
  0.001364360798526976
  0.001284973168412251
  0.001209459900449295
  0.001137669256312313
  0.001069453927543318
  0.001004670952783115
  0.0009431816355683909
  0.0008848514627016746
  0.00082955002320384
  0.0007771509278551303
  0.0007275317293353734
  0.0006805738429698227
  0.0006361624680865097
  0.000594186509998762
  0.0005545385026147764
  0.0005171145316843484
  0.0004818141586918623
  0.0004485403453994286
  0.0004171993790530459
  0.000387700798252899
  0.0003599573195011141
  0.0003338847644305254
  0.0003094019877225573
  0.0002864308057232146
  0.0002648959257615102
  0.0002447248761791032
  0.0002258479370788047
  0.0002081980717962839
  0.0001917108591050765
  0.0001763244261585584
  0.0001619793821782123
  0.0001486187528934035
  0.0001361879157387724
  0.0001246345358173473
  0.0001139085026349296
  0.0001039618676108578
  9.474878237403228e-05
  8.622543784808645e-05
  7.835000413269899e-05
  7.108257118715322e-05
  6.43850903216947e-05
  5.822131650312645e-05
  5.255675147963768e-05
  4.735858773130541e-05
  4.259565325059889e-05
  3.823835716099122e-05
  3.425863617578795e-05
  3.062990190560999e-05
  2.732698901675157e-05
  2.432610424873971e-05
  2.160477629387092e-05
  1.914180654516429e-05
  1.691722071583968e-05
  1.491222133775949e-05
  1.31091411413875e-05
  1.149139732314897e-05
  1.004344670318957e-05
  8.750741781526905e-06
  7.599687691706158e-06
  6.577600061619115e-06
  5.672663781597365e-06
  4.873892686996228e-06
  4.171090156490642e-06
  3.554810632300232e-06
  3.016322065119148e-06
  2.547569287747464e-06
  2.141138320421732e-06
  1.790221613062748e-06
  1.488584225772804e-06
  1.230530953244546e-06
  1.01087439396963e-06
  8.249039694652183e-07
  6.683558957387703e-07
  5.373841094336029e-07
  4.285321534291953e-07
  3.38706021896229e-07
  2.651479703574822e-07
  2.054112917537765e-07
  1.573360611795138e-07
  1.190258517302922e-07
  8.882542512633762e-08
  6.529939633459492e-08
  4.72118786287723e-08
  3.350710586769168e-08
  2.329103976350666e-08
  1.581395769889582e-08
  1.045402953092633e-08
  6.701878607628942e-09
  4.146133769644678e-09
  2.45996989445274e-09
  1.38864097998237e-09
  7.380057676087404e-10
  3.640473478228046e-10
  1.633870816419858e-10
  6.479583536389555e-11
  2.170041923932331e-11
  5.688782778179302e-12
  1.01241237615568e-12
  8.892886427247504e-14
  1.443289932012704e-15
  0
  1.443289932012704e-15
  8.892886427247504e-14
  1.01241237615568e-12
  5.688782778179302e-12
  2.170041923932331e-11
  6.479583536389555e-11
  1.633870816419858e-10
  3.640473478228046e-10
  7.380057676087404e-10
  1.38864097998237e-09
  2.45996989445274e-09
  4.146133769644678e-09
  6.701878607628942e-09
  1.045402953092633e-08
  1.581395769889582e-08
  2.329103976350666e-08
  3.350710586769168e-08
  4.72118786287723e-08
  6.529939633459492e-08
  8.882542501531532e-08
  1.190258517302922e-07
  1.573360611795138e-07
  2.054112917537765e-07
  2.651479703574822e-07
  3.38706021896229e-07
  4.285321534291953e-07
  5.373841094336029e-07
  6.683558957387703e-07
  8.249039694652183e-07
  1.01087439396963e-06
  1.230530953244546e-06
  1.488584225883827e-06
  1.790221613062748e-06
  2.141138320421732e-06
  2.547569287747464e-06
  3.016322065119148e-06
  3.554810632300232e-06
  4.171090156490642e-06
  4.873892686996228e-06
  5.672663781597365e-06
  6.577600061619115e-06
  7.599687691706158e-06
  8.750741781526905e-06
  1.004344670318957e-05
  1.149139732303794e-05
  1.31091411413875e-05
  1.491222133775949e-05
  1.691722071583968e-05
  1.914180654527531e-05
  2.160477629387092e-05
  2.432610424873971e-05
  2.732698901675157e-05
  3.062990190560999e-05
  3.425863617578795e-05
  3.82383571608802e-05
  4.259565325059889e-05
  4.735858773119439e-05
  5.255675147963768e-05
  5.822131650312645e-05
  6.43850903216947e-05
  7.108257118715322e-05
  7.835000413269899e-05
  8.622543784808645e-05
  9.474878237403228e-05
  0.0001039618676108578
  0.0001139085026349296
  0.0001246345358173473
  0.0001361879157387724
  0.0001486187528934035
  0.0001619793821783233
  0.0001763244261585584
  0.0001917108591050765
  0.0002081980717962839
  0.0002258479370786937
  0.0002447248761791032
  0.0002648959257613992
  0.0002864308057232146
  0.0003094019877226684
  0.0003338847644305254
  0.0003599573195012251
  0.000387700798252899
  0.0004171993790530459
  0.0004485403453994286
  0.0004818141586918623
  0.0005171145316843484
  0.0005545385026147764
  0.000594186509998762
  0.0006361624680865097
  0.0006805738429698227
  0.0007275317293353734
  0.0007771509278551303
  0.00082955002320384
  0.0008848514627016746
  0.0009431816355683909
  0.001004670952783115
  0.001069453927543318
  0.001137669256312424
  0.001209459900449295
  0.001284973168412362
  0.001364360798526976
  0.001447779042311192
  0.001535388748350353
  0.001627355446711332
  0.001723849433888258
  0.001825045858272978
  0.001931124806139051
  0.002042271388132511
  0.002158675826259893
  0.002280533541365759
  0.002408045241089285
  0.00254141700829319
  0.002680860389954631
  0.002826592486509349
  0.002978836041641952
  0.003137819532509301
  0.003303777260393548
  0.003476949441769739
  0.003657582299784856
  0.003845928156133716
  0.004042245523326327
  0.004246799197336337
  0.004459860350619516
  0.004681706625497384
  0.004912622227890517
  0.005152898021397845
  0.005402831621710791
  0.005662727491348052
  0.005932897034711226
  0.006213658693442481
  0.006505338042079256
  0.006808267883996966
  0.007122788347627002
  0.007449246982943469
  0.007787998858207273
  0.008139406656958448
  0.008503840775247462
  0.008881679419093791
  0.0092733087021655
  0.009679122743667085
  0.01009952376642567
  0.01053492219516886
  0.01098573675498082
  0.01145239456992991
  0.01193533126185456
  0.01243499104930022
  0.0129518268465971
  0.0134863003630684
  0.01403888220235704
  0.01461005196186606
  0.01520029833229709
  0.01581011919728058
  0.01644002173308744
  0.01709052250840884
  0.01776214758420051
  0.01845543261357414
  0.01917092294173255
  0.01990917370593326
  0.02067074993547479
  0.02145622665169247
  0.02226618896795535
  0.02310123218965418
  0.02396196191417051
  0.02484899413081487
  0.02576295532072866
  0.02670448255673399
  0.02767422360312574
  0.02867283701539484
  0.02970099223987102
  0.03075936971327896
  0.03184866096219124
  0.03296956870237747
  0.0341228069380303
  0.03530910106086443
  0.03652918794907695
  0.0377838160661586
  0.03907374555954685
  0.04039974835910909
  0.04176260827545034
  0.04316312109803105
  0.04460209469308701
  0.04608034910134151
  0.04759871663550067
  0.04915804197752277
  0.05075918227564702
  0.05240300724117974
  0.05409039924502085
  0.05582225341392749
  0.05759947772649987
  0.05942299310888233
  0.06129373353017031
  0.06321264609751198
  0.06518069115089814
  0.06719884235762635
  0.06926808680643393
  0.07138942510128699
  0.07356387145482141
  0.07579245378141863
  0.07807621378991625
  0.08041620707593228
  0.08281350321380893
  0.0852691858481523
  0.0877843527849671
  0.09036011608237593
  0.09299760214091207
  0.09569795179337942
  0.09846232039426878
  0.1012918779087199
  0.1041878090010261
  0.1071513131226656
  0.1101836045998575
  0.1132859127206262
  0.1164594818213741
  0.1197055713729447
  0.1230254560661778
  0.1264204258969378
  0.1298917862506126
  0.1334408579860766
  0.1370689775191034
  0.1407774969052219
  0.1445677839220121
  0.1484412221508266
  0.1523992110579292
  0.1564431660750518
  0.1605745186793466
  0.164794716472739
  0.1691052232606689
  0.1735075191302072
  0.1780031005275455
  0.1825934803348545
  0.1872801879464907
  0.1920647693445612
  0.1969487871738194
  0.2019338208159046
  0.207021466462902
  0.2122133371902207
  0.2175110630287875
  0.2229162910365428
  0.2284306853692353
  0.2340559273505035
  0.2397937155412455
  0.2456457658082589
  0.2516138113921578
  0.2576996029745433
  0.2639049087444411
  0.270231514463974
  0.2766812235332932
  0.2832558570547317
  0.289957253896198
  0.2967872707537844
  0.3037477822136
  0.3108406808128125
  0.31806787709989
  0.3254312996940483
  0.3329328953438888
  0.3405746289852218
  0.3483584837980749
  0.3562864612628682
  0.3643605812157754
  0.3725828819032322
  0.3809554200356144
  0.3894802708400636
  0.398159528112469
  0.4069953042685832
  0.4159897303942813
  0.4251449562949527
  0.4344631505440185
  0.4439465005305762
  0.4535972125061583
  0.4634175116306084
  0.4734096420170613
  0.4835758667760367
  0.493918468058624
  0.5044397470987696
  0.5151420242546473
  0.5260276390491301
  0.5370989502093325
  0.5483583357052392
  0.5598081927874058
  0.5714509380237361
  0.5832890073353245
  0.595324856031363
  0.6075609588431072
  0.6199998099569093
  0.6326439230462928
  0.645495831303091
  0.658558087467619
  0.6718332638579102
  0.6853239523979746
  0.6990327646451124
  0.7129623318162579
  0.7271153048133487
  0.741494354247749
  0.7561021704636796
  0.7709414635606847
  0.7860149634151212
  0.8013254197006731
  0.816875601907883
  0.8326682993627049
  0.8487063212440628
  0.8649924966004454
