  0.01521571088615947
  0.01472253684549585
  0.01424373468015738
  0.01377893328177171
  0.01332776986905826
  0.01288988982989703
  0.01246494656582198
  0.01205260133891106
  0.01165252312104714
  0.01126438844552169
  0.01088788126094908
  0.01052269278747575
  0.01016852137524182
  0.009825072365084453
  0.009492057951443256
  0.009169197047448674
  0.008856215152168945
  0.008552844219980038
  0.008258822532042798
  0.00797389456985953
  0.007697810890880286
  0.007430328006135523
  0.007171208259877604
  0.006920219711192277
  0.006677136017568253
  0.006441736320398572
  0.006213805132373795
  0.005993132226775888
  0.005779512528607866
  0.005572746007575735
  0.005372637572865102
  0.005178996969715022
  0.004991638677751764
  0.004810381811064413
  0.004635050019993092
  0.004465471394624831
  0.004301478369952538
  0.004142907632690207
  0.003989600029717266
  0.003841400478130974
  0.00369815787688399
  0.00355972501998858
  0.003425958511267369
  0.00329671868061987
  0.003171869501799707
  0.003051278511667643
  0.00293481673091045
  0.00282235858619706
  0.002713781833760143
  0.002608967484374447
  0.002507799729721261
  0.002410165870113001
  0.002315956243558515
  0.002225064156159418
  0.002137385813802517
  0.002052820255145749
  0.001971269285865218
  0.001892637414160347
  0.0018168317874796
  0.001743762130467008
  0.001673340684102631
  0.001605482146015191
  0.001540103611961774
  0.001477124518447503
  0.001416466586466991
  0.001358053766362444
  0.001301812183763129
  0.001247670086608976
  0.001195557793229884
  0.001145407641463092
  0.001097153938802276
  0.001050732913555286
  0.001006082666994645
  0.0009631431264880419
  0.0009218559995922693
  0.0008821647290953027
  0.0008440144489891832
  0.0008073519413654973
  0.0007721255942060301
  0.0007382853600733652
  0.000705782715663128
  0.0006745706222250902
  0.0006446034868250461
  0.0006158371244406879
  0.0005882287208720527
  0.0005617367964614317
  0.0005363211705963211
  0.0005119429269984099
  0.0004885643797664097
  0.0004661490401798307
  0.0004446615842322865
  0.0004240678208966564
  0.0004043346610975163
  0.0003854300873877836
  0.0003673231243109809
  0.0003499838094396801
  0.0003333831650785268
  0.000317493170619354
  0.0003022867355325087
  0.0002877376729948922
  0.0002738206741264571
  0.0002605112828383271
  0.0002477858712742198
  0.0002356216158351243
  0.0002239964737784095
  0.0002128891603776495
  0.0002022791266351742
  0.0001921465375360198
  0.0001824722508335097
  0.0001732377963543641
  0.0001644253558150122
  0.0001560177431407794
  0.0001479983852752387
  0.0001403513034690662
  0.0001330610950463496
  0.0001261129156285845
  0.0001194924618155291
  0.0001131859543097025
  0.0001071801214763968
  0.0001014621833306251
  9.601983594414998e-05
  9.084123625796581e-05
  8.591498729940139e-05
  8.123012379193661e-05
  7.677609814676911e-05
  7.254276683538174e-05
  6.852037712595793e-05
  6.46995541835893e-05
  6.107128852286814e-05
  5.762692380642531e-05
  5.435814497894986e-05
  5.125696673578817e-05
  4.831572231081549e-05
  4.55270525834689e-05
  4.288389549331195e-05
  4.037947575777356e-05
  3.80072948843041e-05
  3.576112147241073e-05
  3.363498179694002e-05
  3.1623150668042e-05
  2.972014255848629e-05
  2.792070299686283e-05
  2.621980021576785e-05
  2.4612617049225e-05
  2.309454308063036e-05
  2.1661167022579e-05
  2.030826933545338e-05
  1.903181507104112e-05
  1.782794693826195e-05
  1.669297858662711e-05
  1.562338810069674e-05
  1.461581169882875e-05
  1.366703763570898e-05
  1.277400029774112e-05
  1.193377449179578e-05
  1.114356991736842e-05
  1.040072582195184e-05
  9.702705831393654e-06
  9.047092952685354e-06
  8.431584744200693e-06
  7.853988648054422e-06
  7.312217480598404e-06
  6.804285078959582e-06
  6.328302096347826e-06
  5.882471941442979e-06
  5.465086863942759e-06
  5.074524173226402e-06
  4.70924259543537e-06
  4.367778756980689e-06
  4.048743797779863e-06
  3.75082010500849e-06
  3.472758168476808e-06
  3.213373549637577e-06
  2.971543965002432e-06
  2.746206477277635e-06
  2.536354794302476e-06
  2.341036668129792e-06
  2.159351396247011e-06
  1.990447417887786e-06
  1.833520004546063e-06
  1.687809040751276e-06
  1.552596893272806e-06
  1.427206365423039e-06
  1.310998732517721e-06
  1.203371858882196e-06
  1.103758390741394e-06
  1.011624024105373e-06
  9.264658446528351e-07
  8.478107380582856e-07
  7.752138660999108e-07
  7.082572103245255e-07
  6.465481761641634e-07
  5.897182595027139e-07
  5.374217705300666e-07
  4.893346161605194e-07
  4.451531337990033e-07
  4.045929812290794e-07
  3.673880744070601e-07
  3.332895760488341e-07
  3.020649296248124e-07
  2.734969395401521e-07
  2.473828957239022e-07
  2.235337379641322e-07
  2.017732620984702e-07
  1.819373649514233e-07
  1.638733260200809e-07
  1.474391251310436e-07
  1.325027940701773e-07
  1.189418019631461e-07
  1.066424711870795e-07
  9.54994248125729e-08
  8.541506191228621e-08
  7.629906118022944e-08
  6.80679114184457e-08
  6.064446722575667e-08
  5.39575285563032e-08
  4.794144514708165e-08
  4.253574048540543e-08
  3.76847604233177e-08
  3.333733888943868e-08
  2.944648536118422e-08
  2.596908854624047e-08
  2.286564038112004e-08
  2.009997346341663e-08
  1.763901769091802e-08
  1.545256889112778e-08
  1.351307488128839e-08
  1.179543229756774e-08
  1.027679863430109e-08
  8.936415163418587e-09
  7.755442066326168e-09
  6.71680477903891e-09
  5.805049774210147e-09
  5.00621155641312e-09
  4.307687762050705e-09
  3.698124029227756e-09
  3.167305973050816e-09
  2.706060486801221e-09
  2.306162816267943e-09
  1.960251738708507e-09
  1.661750292925035e-09
  1.404793503745339e-09
  1.184160880463025e-09
  9.952155766157489e-10
  8.338463253210193e-10
  6.964165910616771e-10
  5.797164970289259e-10
  4.809189713128603e-10
  3.975403339850914e-10
  3.274034376943291e-10
  2.68605360176366e-10
  2.194866510762949e-10
  1.78604242506708e-10
  1.447068020965503e-10
  1.167129726198368e-10
  9.369061082509234e-11
  7.483880182235225e-11
  5.9472093916213e-11
  4.700551059499958e-11
  3.694222705519223e-11
  2.886091365894572e-11
  2.240696517219476e-11
  1.728217569052504e-11
  1.323741116721067e-11
  1.006550398585659e-11
  7.594813666855771e-12
  5.683897796870951e-12
  4.217182159038657e-12
  3.10029779626575e-12
  2.257083409062943e-12
  1.626143664168467e-12
  1.158628748498813e-12
  8.15791878494565e-13
  5.6710192097853e-13
  3.888001032237298e-13
  2.627897899287746e-13
  1.746380817735371e-13
  1.140199046290036e-13
  7.316369732279782e-14
  4.596323321948148e-14
  2.831068712794149e-14
  1.687538997430238e-14
  9.880984919163893e-15
  5.551115123125783e-15
  2.997602166487923e-15
  1.554312234475219e-15
  8.881784197001252e-16
  3.33066907387547e-16
  1.110223024625157e-16
  1.110223024625157e-16
  1.110223024625157e-16
  0
  0
  0
  0
  0
  0
  0
  0
  0
  0
  0
  0
  0
  0
  0
  0
  0
  0
  0
  1.110223024625157e-16
  1.110223024625157e-16
  1.110223024625157e-16
  3.33066907387547e-16
  8.881784197001252e-16
  1.554312234475219e-15
  2.997602166487923e-15
  5.551115123125783e-15
  9.880984919163893e-15
  1.687538997430238e-14
  2.819966482547898e-14
  4.596323321948148e-14
  7.316369732279782e-14
  1.140199046290036e-13
  1.746380817735371e-13
  2.627897899287746e-13
  3.888001032237298e-13
  5.6710192097853e-13
  8.15791878494565e-13
  1.158628748498813e-12
  1.626032641866004e-12
  2.257083409062943e-12
  3.10029779626575e-12
  4.217182159038657e-12
  5.683897796870951e-12
  7.594813666855771e-12
  1.006550398585659e-11
  1.323741116721067e-11
  1.728217569052504e-11
  2.240696517219476e-11
  2.886091365894572e-11
  3.694222705519223e-11
  4.700551059499958e-11
  5.9472093916213e-11
  7.483880182235225e-11
  9.369061082509234e-11
  1.167129726198368e-10
  1.447068020965503e-10
  1.78604242506708e-10
  2.194867620985974e-10
  2.68605360176366e-10
  3.274034376943291e-10
  3.975403339850914e-10
  4.809189713128603e-10
  5.797164970289259e-10
  6.964164800393746e-10
  8.338463253210193e-10
  9.952155766157489e-10
  1.184160880463025e-09
  1.404793503745339e-09
  1.661750292925035e-09
  1.960251738708507e-09
  2.306162816267943e-09
  2.706060486801221e-09
  3.167305973050816e-09
  3.698124029227756e-09
  4.307687762050705e-09
  5.00621155641312e-09
  5.805049774210147e-09
  6.71680477903891e-09
  7.755442177348471e-09
  8.936415163418587e-09
  1.027679863430109e-08
  1.179543229756774e-08
  1.351307488128839e-08
  1.545256889112778e-08
  1.763901757989572e-08
  2.009997346341663e-08
  2.286564038112004e-08
  2.596908854624047e-08
  2.944648525016191e-08
  3.333733888943868e-08
  3.768476053434e-08
  4.253574048540543e-08
  4.794144514708165e-08
  5.39575285563032e-08
  6.064446722575667e-08
  6.80679114184457e-08
  7.629906118022944e-08
  8.541506191228621e-08
  9.54994248125729e-08
  1.066424711870795e-07
  1.189418019631461e-07
  1.325027940701773e-07
  1.474391251310436e-07
  1.638733260200809e-07
  1.819373649514233e-07
  2.017732620984702e-07
  2.235337379641322e-07
  2.473828958349245e-07
  2.734969395401521e-07
  3.0206492951379e-07
  3.332895760488341e-07
  3.673880744070601e-07
  4.045929812290794e-07
  4.451531338545145e-07
  4.893346161050083e-07
  5.374217705300666e-07
  5.897182595027139e-07
  6.465481761641634e-07
  7.082572103245255e-07
  7.75213866155422e-07
  8.478107379472632e-07
  9.264658446528351e-07
  1.011624024105373e-06
  1.103758390852416e-06
  1.203371858826685e-06
  1.310998732517721e-06
  1.427206365423039e-06
  1.552596893383829e-06
  1.687809040751276e-06
  1.833520004546063e-06
  1.990447417887786e-06
  2.159351396358034e-06
  2.341036668240815e-06
  2.536354794302476e-06
  2.746206477388657e-06
  2.971543964946921e-06
  3.213373549693088e-06
  3.472758168476808e-06
  3.75082010500849e-06
  4.048743797835375e-06
  4.367778757091711e-06
  4.70924259543537e-06
  5.074524173226402e-06
  5.465086863942759e-06
  5.882471941554002e-06
  6.328302096236804e-06
  6.804285078959582e-06
  7.312217480487382e-06
  7.853988647915644e-06
  8.431584744311715e-06
  9.047092952685354e-06
  9.702705831504677e-06
  1.040072582206286e-05
  1.114356991747945e-05
  1.193377449179578e-05
  1.277400029763009e-05
  1.366703763548693e-05
  1.461581169893977e-05
  1.562338810069674e-05
  1.669297858673813e-05
  1.782794693826195e-05
  1.903181507104112e-05
  2.030826933545338e-05
  2.1661167022579e-05
  2.309454308063036e-05
  2.4612617049225e-05
  2.621980021576785e-05
  2.792070299708488e-05
  2.972014255870487e-05
  3.1623150668042e-05
  3.363498179694002e-05
  3.576112147241073e-05
  3.80072948843041e-05
  4.037947575777356e-05
  4.288389549331195e-05
  4.55270525834689e-05
  4.831572231081549e-05
  5.125696673578817e-05
  5.435814497894986e-05
  5.762692380642531e-05
  6.107128852309018e-05
  6.469955418336726e-05
  6.852037712617998e-05
  7.254276683538174e-05
  7.677609814699116e-05
  8.123012379168681e-05
  8.591498729940139e-05
  9.084123625796581e-05
  9.601983594437202e-05
  0.0001014621833308471
  0.0001071801214761747
  0.0001131859543097025
  0.0001194924618155291
  0.0001261129156285845
  0.0001330610950463496
  0.0001403513034690662
  0.0001479983852752387
  0.0001560177431407794
  0.0001644253558147346
  0.0001732377963543641
  0.0001824722508335097
  0.0001921465375362419
  0.0002022791266349522
  0.0002128891603776495
  0.0002239964737784095
  0.0002356216158353464
  0.0002477858712743863
  0.0002605112828382716
  0.0002738206741264571
  0.0002877376729948922
  0.0003022867355328973
  0.000317493170619354
  0.0003333831650785268
  0.0003499838094396801
  0.0003673231243107034
  0.0003854300873877281
  0.0004043346610975163
  0.0004240678208966564
  0.0004446615842325086
  0.0004661490401794977
  0.0004885643797664097
  0.0005119429269984099
  0.0005363211705965432
  0.0005617367964610986
  0.0005882287208720527
  0.0006158371244406879
  0.0006446034868250461
  0.0006745706222252013
  0.000705782715663128
  0.0007382853600733652
  0.0007721255942060301
  0.0008073519413649421
  0.0008440144489891832
  0.0008821647290953027
  0.0009218559995922693
  0.0009631431264879309
  0.001006082666994645
  0.001050732913555286
  0.001097153938802276
  0.001145407641462759
  0.001195557793229884
  0.001247670086608976
  0.001301812183763129
  0.001358053766362111
  0.001416466586467102
  0.001477124518447503
  0.001540103611961774
  0.00160548214601508
  0.00167334068410252
  0.001743762130467008
  0.0018168317874796
  0.001892637414160347
  0.00197126928586544
  0.002052820255145749
  0.002137385813802517
  0.002225064156159418
  0.002315956243558515
  0.002410165870113001
  0.002507799729721261
  0.002608967484374447
  0.002713781833760254
  0.002822358586196838
  0.00293481673091045
  0.003051278511667643
  0.003171869501799929
  0.003296718680620314
  0.003425958511267369
  0.00355972501998858
  0.003698157876883545
  0.003841400478130974
  0.003989600029717266
  0.004142907632690207
  0.004301478369952538
  0.004465471394624831
  0.004635050019993092
  0.004810381811064413
  0.004991638677752208
  0.005178996969714578
  0.005372637572865102
  0.005572746007575735
  0.005779512528607866
  0.005993132226775444
  0.006213805132373795
  0.006441736320398572
  0.006677136017568253
  0.006920219711191833
  0.007171208259877271
  0.007430328006135523
  0.007697810890880286
  0.007973894569859641
  0.008258822532042798
  0.008552844219980038
  0.008856215152168945
  0.009169197047448563
  0.009492057951442923
  0.009825072365084453
  0.01016852137524182
  0.01052269278747575
  0.01088788126094942
  0.01126438844552169
  0.01165252312104714
  0.01205260133891051
  0.01246494656582164
  0.01288988982989703
  0.01332776986905826
  0.0137789332817716
  0.01424373468015749
  0.01472253684549585
  0.01521571088615947
