  -0.9899924966004454
  -0.988531820827396
  -0.9869722926960376
  -0.9853140681578838
  -0.9835573130340064
  -0.9817022029984541
  -0.9797489235606842
  -0.9776976700470132
  -0.9755486475810826
  -0.9733020710633487
  -0.9709581651495905
  -0.9685171642284466
  -0.9659793123979747
  -0.9633448634412433
  -0.9606140808009522
  -0.9577872375530904
  -0.9548646163796264
  -0.9518465095402424
  -0.948733218843107
  -0.9455250556146959
  -0.9422223406686581
  -0.9388254042737362
  -0.9353345861207387
  -0.9317502352885721
  -0.9280727102093326
  -0.9243023786324636
  -0.9204396175879807
  -0.9164848133487693
  -0.9124383613919579
  -0.9083006663593701
  -0.9040721420170612
  -0.8997532112139414
  -0.8953443058394921
  -0.8908458667805764
  -0.886258343877352
  -0.8815821958782859
  -0.8768178903942815
  -0.8719659038519165
  -0.8670267214458024
  -0.8620008370900635
  -0.8568887533689473
  -0.8516909814865656
  -0.8464080412157756
  -0.8410404608462014
  -0.8355887771314077
  -0.8300535352352221
  -0.8244352886772223
  -0.8187345992773816
  -0.8129520370998899
  -0.8070881803961459
  -0.8011436155469337
  -0.7951189370037843
  -0.7890147472295311
  -0.7828316566380651
  -0.776570283533293
  -0.7702312540473074
  -0.7638152020777741
  -0.7573227692245434
  -0.7507546047254909
  -0.7441113653915925
  -0.7373937155412454
  -0.7306023269338372
  -0.7237378787025686
  -0.7168010572865429
  -0.7097925563621205
  -0.702713076773554
  -0.6955633264629021
  -0.6883440203992384
  -0.6810558805071525
  -0.6736996355945609
  -0.6662760212798241
  -0.6587857799181878
  -0.6512296605275459
  -0.6436084187135406
  -0.6359228165940024
  -0.6281736227227391
  -0.6203616120126798
  -0.6124875656583851
  -0.6045522710579293
  -0.5965565217341599
  -0.5885011172553458
  -0.5803868631552219
  -0.5722145708524364
  -0.5639850575694101
  -0.5556991462506127
  -0.547357665480271
  -0.5389614493995115
  -0.5305113376229448
  -0.5220081751547073
  -0.5134528123039594
  -0.5048461045998576
  -0.4961889127059989
  -0.4874821023343594
  -0.4787265441587198
  -0.4699231137276022
  -0.4610726913767128
  -0.4521761621409119
  -0.4432344156657093
  -0.4342483461183005
  -0.4252188520981522
  -0.4161468365471424
  -0.4070332066592655
  -0.397878873789916
  -0.388684753364752
  -0.3794517647881545
  -0.3701808313512869
  -0.3608728801397671
  -0.3515288419409598
  -0.3421496511508982
  -0.3327362456808451
  -0.3232895668635034
  -0.3138105593588822
  -0.3043001710598332
  -0.2947593529972608
  -0.2851890592450206
  -0.2755902468245127
  -0.2659638756089804
  -0.2563109082275227
  -0.246632309968834
  -0.2369290486846747
  -0.2272020946930871
  -0.2174524206813646
  -0.2076810016087838
  -0.197888814609109
  -0.1880768388928801
  -0.1782460556494921
  -0.168397447949077
  -0.1585320006441978
  -0.1486507002713637
  -0.1387545349523776
  -0.1288444942955246
  -0.1189215692966122
  -0.1089867522398711
  -0.09904103659872801
  -0.08908541693645897
  -0.07912088880673386
  -0.06914844865406194
  -0.05916909371414814
  -0.04918382191417033
  -0.03919363177298749
  -0.02919952230128859
  -0.01920249290169265
  -0.009203543268808336
  0.0007963267107332633
  0.01079611705826739
  0.02079482780309243
  0.03079145908246612
  0.04078501124159103
  0.05077448493357918
  0.0607588812193859
  0.07073720166770291
  0.08070844845480063
  0.09067162446430968
  0.1006257333869317
  0.1105697798200696
  0.1205027693673666
  0.1304237087381455
  0.1403316058467367
  0.1502254699116858
  0.1601043115548313
  0.169967142900241
  0.1798129776729996
  0.1896408312978345
  0.1994497209975731
  0.2092386658914195
  0.2190066870930417
  0.2287528078084596
  0.2384760534337231
  0.2481754516523729
  0.2578500325326696
  0.2674988286245873
  0.2771208750565576
  0.2867152096319555
  0.2962808729253187
  0.3058169083782893
  0.3153223623952687
  0.3247962844387762
  0.3342377271245026
  0.3436457463160471
  0.3530194012193304
  0.3623577544766736
  0.371659872260533
  0.3809248243668819
  0.3901516843082303
  0.3993395294062732
  0.4084874408841574
  0.4175945039583582
  0.4266598079301574
  0.4356824462767123
  0.444661516741707
  0.4535961214255775
  0.462485366875301
  0.47132836417374
  0.4801242290285341
  0.4888720818605275
  0.497571047891727
  0.5062202572327784
  0.5148188449699553
  0.5233659512516495
  0.5318607213743555
  0.5403023058681398
  0.5486898605815878
  0.5570225467662173
  0.5652995311603545
  0.5735199860724567
  0.5816830894638834
  0.5897880250310983
  0.5978339822872981
  0.6058201566434629
  0.6137457494888114
  0.6216099682706645
  0.6294120265736968
  0.6371511441985803
  0.6448265472400011
  0.6524374681640519
  0.6599831458849821
  0.6674628258413082
  0.674875760071267
  0.6822212072876137
  0.689498432951747
  0.6967067093471655
  0.7038453156522361
  0.7109135380122775
  0.7179106696109433
  0.7248360107409053
  0.7316888688738209
  0.7384685587295881
  0.7451744023448704
  0.7518057291408952
  0.7583618759905082
  0.7648421872844886
  0.7712460149971067
  0.7775727187509278
  0.7838216658808493
  0.789992231497365
  0.7960837985490559
  0.8020957578842925
  0.808027508312152
  0.8138784566625339
  0.8196480178454796
  0.8253356149096782
  0.8309406791001636
  0.8364626499151869
  0.8419009751622688
  0.8472551110134161
  0.8525245220595058
  0.8577086813638242
  0.8628070705147611
  0.8678191796776499
  0.8727445076457514
  0.8775825618903728
  0.8823328586101216
  0.8869949227792842
  0.8915682881953291
  0.8960524975255253
  0.900447102352677
  0.9047516632199635
  0.9089657496748851
  0.9130889403123083
  0.917120822816605
  0.9210609940028851
  0.924909059857313
  0.9286646355765102
  0.9323273456060344
  0.9358968236779349
  0.9393727128473789
  0.9427546655283463
  0.9460423435283869
  0.9492354180824409
  0.9523335698857134
  0.9553364891256061
  0.9582438755126972
  0.961055438310771
  0.9637708963658905
  0.9663899781345133
  0.9689124217106447
  0.9713379748520297
  0.9736663950053749
  0.9758974493306055
  0.9780309147241483
  0.9800665778412417
  0.9820042351172703
  0.9838436927881213
  0.9855847669095608
  0.9872272833756269
  0.9887710779360424
  0.9902159962126371
  0.9915618937147881
  0.9928086358538663
  0.9939560979566968
  0.9950041652780257
  0.9959527330119943
  0.9968017063026193
  0.9975510002532796
  0.9982005399352042
  0.9987502603949663
  0.9992001066609779
  0.9995500337489875
  0.9998000066665778
  0.9999500004166653
  1
  0.9999500004166653
  0.9998000066665778
  0.9995500337489875
  0.9992001066609779
  0.9987502603949663
  0.9982005399352042
  0.9975510002532796
  0.9968017063026193
  0.9959527330119943
  0.9950041652780257
  0.9939560979566968
  0.9928086358538663
  0.9915618937147881
  0.9902159962126371
  0.9887710779360424
  0.9872272833756269
  0.9855847669095608
  0.9838436927881213
  0.9820042351172703
  0.9800665778412416
  0.9780309147241483
  0.9758974493306054
  0.9736663950053749
  0.9713379748520296
  0.9689124217106447
  0.9663899781345132
  0.9637708963658905
  0.9610554383107709
  0.9582438755126972
  0.955336489125606
  0.9523335698857134
  0.9492354180824408
  0.9460423435283869
  0.9427546655283463
  0.9393727128473789
  0.9358968236779349
  0.9323273456060344
  0.9286646355765102
  0.924909059857313
  0.9210609940028851
  0.917120822816605
  0.9130889403123083
  0.9089657496748851
  0.9047516632199635
  0.9004471023526769
  0.8960524975255253
  0.8915682881953289
  0.8869949227792842
  0.8823328586101213
  0.8775825618903728
  0.8727445076457512
  0.8678191796776499
  0.8628070705147609
  0.8577086813638242
  0.8525245220595056
  0.8472551110134161
  0.8419009751622686
  0.8364626499151869
  0.8309406791001636
  0.8253356149096782
  0.8196480178454796
  0.8138784566625339
  0.808027508312152
  0.8020957578842925
  0.7960837985490559
  0.789992231497365
  0.7838216658808493
  0.7775727187509278
  0.7712460149971067
  0.7648421872844883
  0.7583618759905082
  0.7518057291408948
  0.7451744023448704
  0.7384685587295877
  0.7316888688738209
  0.724836010740905
  0.7179106696109433
  0.7109135380122772
  0.7038453156522361
  0.6967067093471653
  0.689498432951747
  0.6822212072876134
  0.674875760071267
  0.6674628258413082
  0.6599831458849821
  0.6524374681640519
  0.6448265472400011
  0.6371511441985803
  0.6294120265736968
  0.6216099682706645
  0.6137457494888114
  0.6058201566434629
  0.5978339822872981
  0.5897880250310983
  0.5816830894638834
  0.5735199860724567
  0.5652995311603541
  0.5570225467662173
  0.5486898605815874
  0.5403023058681398
  0.5318607213743557
  0.5233659512516492
  0.5148188449699551
  0.5062202572327784
  0.4975710478917271
  0.4888720818605271
  0.4801242290285339
  0.47132836417374
  0.462485366875301
  0.4535961214255777
  0.4446615167417066
  0.4356824462767121
  0.4266598079301574
  0.4175945039583584
  0.4084874408841569
  0.399339529406273
  0.3901516843082303
  0.380924824366882
  0.3716598722605326
  0.3623577544766734
  0.3530194012193304
  0.3436457463160473
  0.3342377271245022
  0.3247962844387761
  0.3153223623952687
  0.3058169083782895
  0.2962808729253183
  0.2867152096319553
  0.2771208750565576
  0.2674988286245876
  0.2578500325326692
  0.2481754516523727
  0.2384760534337231
  0.2287528078084596
  0.2190066870930411
  0.209238665891419
  0.1994497209975729
  0.1896408312978345
  0.1798129776729998
  0.1699671429002406
  0.160104311554831
  0.1502254699116858
  0.140331605846737
  0.1304237087381451
  0.1205027693673664
  0.1105697798200696
  0.100625733386932
  0.09067162446430924
  0.08070844845480041
  0.07073720166770291
  0.06075888121938612
  0.05077448493357874
  0.04078501124159081
  0.03079145908246612
  0.02079482780309265
  0.01079611705826695
  0.0007963267107330413
  -0.009203543268808336
  -0.01920249290169243
  -0.02919952230128926
  -0.03919363177298793
  -0.04918382191417055
  -0.05916909371414814
  -0.06914844865406172
  -0.0791208888067343
  -0.08908541693645919
  -0.09904103659872801
  -0.1089867522398709
  -0.1189215692966127
  -0.1288444942955249
  -0.1387545349523776
  -0.1486507002713634
  -0.1585320006441982
  -0.1683974479490772
  -0.1782460556494921
  -0.1880768388928799
  -0.1978888146091095
  -0.207681001608784
  -0.2174524206813646
  -0.2272020946930869
  -0.2369290486846751
  -0.2466323099688342
  -0.2563109082275227
  -0.2659638756089802
  -0.2755902468245134
  -0.2851890592450211
  -0.294759352997261
  -0.3043001710598332
  -0.313810559358882
  -0.3232895668635037
  -0.3327362456808454
  -0.3421496511508982
  -0.3515288419409596
  -0.3608728801397676
  -0.3701808313512871
  -0.3794517647881545
  -0.3886847533647518
  -0.3978788737899164
  -0.4070332066592657
  -0.4161468365471424
  -0.4252188520981522
  -0.4342483461183009
  -0.4432344156657093
  -0.4521761621409119
  -0.4610726913767128
  -0.4699231137276026
  -0.4787265441587202
  -0.4874821023343594
  -0.4961889127059989
  -0.5048461045998579
  -0.5134528123039599
  -0.5220081751547073
  -0.5305113376229448
  -0.5389614493995112
  -0.5473576654802714
  -0.5556991462506127
  -0.5639850575694101
  -0.5722145708524364
  -0.5803868631552223
  -0.5885011172553458
  -0.5965565217341599
  -0.6045522710579293
  -0.6124875656583856
  -0.6203616120126798
  -0.6281736227227391
  -0.6359228165940024
  -0.6436084187135409
  -0.6512296605275459
  -0.6587857799181878
  -0.6662760212798241
  -0.6736996355945613
  -0.6810558805071528
  -0.6883440203992384
  -0.6955633264629021
  -0.7027130767735542
  -0.7097925563621208
  -0.7168010572865429
  -0.7237378787025686
  -0.730602326933837
  -0.7373937155412458
  -0.7441113653915925
  -0.7507546047254909
  -0.7573227692245434
  -0.7638152020777743
  -0.7702312540473074
  -0.776570283533293
  -0.7828316566380651
  -0.7890147472295314
  -0.7951189370037843
  -0.8011436155469337
  -0.8070881803961459
  -0.8129520370998903
  -0.8187345992773819
  -0.8244352886772223
  -0.8300535352352221
  -0.8355887771314079
  -0.8410404608462017
  -0.8464080412157756
  -0.8516909814865656
  -0.8568887533689475
  -0.8620008370900637
  -0.8670267214458024
  -0.8719659038519165
  -0.8768178903942813
  -0.8815821958782861
  -0.886258343877352
  -0.8908458667805764
  -0.8953443058394919
  -0.8997532112139415
  -0.9040721420170612
  -0.9083006663593701
  -0.9124383613919579
  -0.9164848133487695
  -0.9204396175879807
  -0.9243023786324636
  -0.9280727102093326
  -0.9317502352885724
  -0.9353345861207388
  -0.9388254042737362
  -0.9422223406686581
  -0.945525055614696
  -0.9487332188431072
  -0.9518465095402424
  -0.9548646163796264
  -0.9577872375530905
  -0.9606140808009523
  -0.9633448634412433
  -0.9659793123979747
  -0.9685171642284465
  -0.9709581651495907
  -0.9733020710633487
  -0.9755486475810826
  -0.9776976700470131
  -0.9797489235606843
  -0.9817022029984541
  -0.9835573130340064
  -0.9853140681578837
  -0.9869722926960377
  -0.988531820827396
  -0.9899924966004454
