  -0.9899396306818182
  -0.9884813569097328
  -0.9869241292232556
  -0.9852681075443039
  -0.9835134615218923
  -0.9816603705201998
  -0.9797090236055139
  -0.9776596195320617
  -0.9755123667267236
  -0.9732674832726489
  -0.9709251968917649
  -0.9684857449261954
  -0.9659493743185847
  -0.9633163415913426
  -0.9605869128248083
  -0.9577613636343407
  -0.9548399791463424
  -0.9518230539732193
  -0.9487108921872864
  -0.9455038072936222
  -0.942202122201875
  -0.9388061691970324
  -0.9353162899091556
  -0.9317328352820873
  -0.9280561655411323
  -0.9242866501597313
  -0.9204246678251087
  -0.9164706064029302
  -0.9124248629009564
  -0.9082878434316972
  -0.9040599631740891
  -0.8997416463341843
  -0.8953333261048708
  -0.8908354446246145
  -0.8862484529352537
  -0.8815728109388179
  -0.8768089873534153
  -0.8719574596681654
  -0.8670187140971946
  -0.8619932455327066
  -0.8568815574971236
  -0.8516841620943085
  -0.8464015799598819
  -0.8410343402106242
  -0.8355829803929913
  -0.830048046430726
  -0.8244300925715955
  -0.8187296813332441
  -0.8129473834481769
  -0.8070837778078777
  -0.8011394514060726
  -0.7951149992811366
  -0.7890110244576665
  -0.7828281378872071
  -0.7765669583881538
  -0.7702281125848318
  -0.7638122348457625
  -0.7573199672211166
  -0.7507519593793726
  -0.7441088685431789
  -0.7373913594244323
  -0.7306001041585772
  -0.723735782238135
  -0.7167990804454685
  -0.7097906927847941
  -0.7027113204134459
  -0.695561671572394
  -0.6883424615160398
  -0.6810544124412794
  -0.6736982534158562
  -0.6662747203059978
  -0.6587845557033598
  -0.6512285088512717
  -0.6436073355703016
  -0.6359217981831415
  -0.6281726654388267
  -0.620360712436292
  -0.6124867205472808
  -0.6045514773386063
  -0.5965557764937799
  -0.5885004177340096
  -0.5803862067385863
  -0.5722139550646528
  -0.5639844800663762
  -0.555698604813526
  -0.5473571580094678
  -0.5389609739085826
  -0.5305108922331156
  -0.5220077580894751
  -0.5134524218839702
  -0.5048457392380195
  -0.4961885709028193
  -0.4874817826734967
  -0.4787262453027414
  -0.4699228344139399
  -0.4610724304138061
  -0.4521759184045351
  -0.4432341880954696
  -0.4342481337143027
  -0.4252186539178233
  -0.4161466517022072
  -0.4070330343128683
  -0.3978787131538815
  -0.3886846036969789
  -0.3794516253901372
  -0.3701807015657579
  -0.360872759348456
  -0.3515287295624643
  -0.3421495466386604
  -0.3327361485212283
  -0.3232894765739678
  -0.3138104754862514
  -0.3043000931786495
  -0.2947592807082233
  -0.2851889921735065
  -0.2755901846191715
  -0.2659638179404029
  -0.2563108547869806
  -0.246632260467083
  -0.2369290028508233
  -0.2272020522735232
  -0.2174523814387415
  -0.2076809653210585
  -0.1978887810686347
  -0.1880768079055448
  -0.1782460270339081
  -0.1683974215358106
  -0.1585319762750452
  -0.1486506777986649
  -0.138754514238369
  -0.1288444752117277
  -0.1189215517232571
  -0.1089867360653536
  -0.09904102171909557
  -0.08908540325492798
  -0.07912087623323338
  -0.06914843710480612
  -0.05916908311123037
  -0.04918381218518419
  -0.03919362285066885
  -0.02919951412317845
  -0.01920248540982117
  -0.009203536409397417
  0.0007963329875493308
  0.01079612279870423
  0.02079483304996232
  0.03079146387540865
  0.04078501561728975
  0.05077448892596503
  0.06075888485982739
  0.0707372049851851
  0.08070845147609162
  0.09067162721411703
  0.100625735888049
  0.1105697820935129
  0.120502771432502
  0.1304237106128097
  0.1403316075473467
  0.1502254714533451
  0.1601043129514251
  0.169967144164528
  0.1798129788166957
  0.1896408323316915
  0.1994497219314525
  0.2092386667343595
  0.2190066878533218
  0.2287528084936583
  0.2384760540507732
  0.2481754522076123
  0.2578500330318881
  0.2674988290730709
  0.2771208754591283
  0.2867152099930095
  0.2962808732488608
  0.3058169086679648
  0.3153223626543937
  0.3247962846703653
  0.3342377273312931
  0.3436457465005234
  0.3530194013837457
  0.3623577546230691
  0.3716598723907569
  0.3809248244826061
  0.3901516844109658
  0.3993395294973846
  0.4084874409648758
  0.4175945040297931
  0.4266598079933087
  0.4356824463324793
  0.444661516790898
  0.4535961214689189
  0.4624853669134441
  0.4713283642072686
  0.4801242290579713
  0.4888720818863408
  0.4975710479143343
  0.5062202572525527
  0.5148188449872294
  0.5233659512667196
  0.5318607213874849
  0.5403023058795628
  0.5486898605915124
  0.5570225467748277
  0.5652995311678137
  0.5735199860789091
  0.5816830894694563
  0.5897880250359042
  0.597833982291436
  0.60582015664702
  0.6137457494918641
  0.6216099682732799
  0.6294120265759335
  0.6371511442004899
  0.6448265472416286
  0.6524374681654362
  0.6599831458861574
  0.6674628258423041
  0.6748757600721093
  0.6822212072883245
  0.6894984329523457
  0.6967067093476687
  0.7038453156526581
  0.7109135380126306
  0.7179106696112381
  0.7248360107411508
  0.7316888688740248
  0.738468558729757
  0.7451744023450101
  0.7518057291410103
  0.7583618759906029
  0.7648421872845663
  0.7712460149971702
  0.7775727187509796
  0.7838216658808914
  0.7899922314973991
  0.7960837985490834
  0.8020957578843146
  0.8080275083121697
  0.8138784566625481
  0.8196480178454909
  0.8253356149096872
  0.8309406791001707
  0.8364626499151925
  0.8419009751622732
  0.8472551110134194
  0.8525245220595085
  0.8577086813638262
  0.8628070705147627
  0.8678191796776511
  0.8727445076457523
  0.8775825618903734
  0.8823328586101221
  0.8869949227792846
  0.8915682881953293
  0.8960524975255255
  0.9004471023526772
  0.9047516632199636
  0.9089657496748851
  0.9130889403123084
  0.9171208228166051
  0.9210609940028851
  0.924909059857313
  0.9286646355765102
  0.9323273456060344
  0.9358968236779349
  0.9393727128473789
  0.9427546655283463
  0.9460423435283869
  0.9492354180824409
  0.9523335698857134
  0.9553364891256061
  0.9582438755126972
  0.961055438310771
  0.9637708963658905
  0.9663899781345133
  0.9689124217106447
  0.9713379748520297
  0.9736663950053749
  0.9758974493306055
  0.9780309147241483
  0.9800665778412416
  0.9820042351172703
  0.9838436927881213
  0.9855847669095608
  0.9872272833756269
  0.9887710779360424
  0.9902159962126371
  0.9915618937147881
  0.9928086358538663
  0.9939560979566968
  0.9950041652780257
  0.9959527330119943
  0.9968017063026193
  0.9975510002532796
  0.9982005399352042
  0.9987502603949663
  0.9992001066609779
  0.9995500337489875
  0.9998000066665778
  0.9999500004166653
  1
  0.9999500004166653
  0.9998000066665778
  0.9995500337489875
  0.9992001066609779
  0.9987502603949663
  0.9982005399352042
  0.9975510002532796
  0.9968017063026193
  0.9959527330119943
  0.9950041652780257
  0.9939560979566968
  0.9928086358538663
  0.9915618937147881
  0.9902159962126371
  0.9887710779360424
  0.9872272833756269
  0.9855847669095608
  0.9838436927881213
  0.9820042351172703
  0.9800665778412416
  0.9780309147241483
  0.9758974493306054
  0.9736663950053749
  0.9713379748520296
  0.9689124217106447
  0.9663899781345131
  0.9637708963658905
  0.9610554383107709
  0.9582438755126972
  0.955336489125606
  0.9523335698857134
  0.9492354180824408
  0.9460423435283869
  0.9427546655283463
  0.9393727128473789
  0.9358968236779349
  0.9323273456060344
  0.9286646355765102
  0.924909059857313
  0.9210609940028851
  0.9171208228166051
  0.9130889403123084
  0.9089657496748851
  0.9047516632199636
  0.900447102352677
  0.8960524975255255
  0.8915682881953292
  0.8869949227792846
  0.8823328586101219
  0.8775825618903734
  0.8727445076457521
  0.8678191796776511
  0.8628070705147625
  0.8577086813638262
  0.8525245220595082
  0.8472551110134194
  0.841900975162273
  0.8364626499151925
  0.8309406791001707
  0.8253356149096872
  0.8196480178454909
  0.8138784566625481
  0.8080275083121697
  0.8020957578843146
  0.7960837985490834
  0.7899922314973991
  0.7838216658808914
  0.7775727187509796
  0.7712460149971702
  0.764842187284566
  0.7583618759906029
  0.7518057291410101
  0.7451744023450101
  0.7384685587297568
  0.7316888688740248
  0.7248360107411504
  0.7179106696112381
  0.7109135380126302
  0.7038453156526581
  0.6967067093476684
  0.6894984329523457
  0.6822212072883241
  0.6748757600721093
  0.6674628258423041
  0.6599831458861574
  0.6524374681654362
  0.6448265472416286
  0.6371511442004899
  0.6294120265759335
  0.6216099682732799
  0.6137457494918641
  0.60582015664702
  0.597833982291436
  0.5897880250359042
  0.5816830894694563
  0.5735199860789091
  0.5652995311678134
  0.5570225467748277
  0.5486898605915119
  0.5403023058795628
  0.5318607213874851
  0.5233659512667193
  0.5148188449872293
  0.5062202572525527
  0.4975710479143345
  0.4888720818863405
  0.480124229057971
  0.4713283642072686
  0.4624853669134441
  0.453596121468919
  0.4446615167908977
  0.4356824463324791
  0.4266598079933087
  0.4175945040297935
  0.4084874409648752
  0.3993395294973844
  0.3901516844109658
  0.3809248244826063
  0.3716598723907565
  0.3623577546230689
  0.3530194013837457
  0.3436457465005236
  0.3342377273312926
  0.324796284670365
  0.3153223626543937
  0.305816908667965
  0.2962808732488602
  0.2867152099930093
  0.2771208754591283
  0.2674988290730711
  0.2578500330318878
  0.2481754522076119
  0.2384760540507732
  0.2287528084936583
  0.219006687853321
  0.2092386667343592
  0.1994497219314522
  0.1896408323316915
  0.1798129788166958
  0.1699671441645275
  0.1601043129514248
  0.1502254714533451
  0.1403316075473471
  0.1304237106128092
  0.1205027714325019
  0.1105697820935129
  0.1006257358880492
  0.09067162721411659
  0.0807084514760914
  0.0707372049851851
  0.0607588848598275
  0.05077448892596437
  0.04078501561728942
  0.03079146387540865
  0.02079483304996255
  0.01079612279870401
  0.0007963329875489977
  -0.009203536409397417
  -0.01920248540982095
  -0.02919951412317912
  -0.0391936228506693
  -0.04918381218518464
  -0.05916908311123037
  -0.06914843710480567
  -0.07912087623323405
  -0.08908540325492798
  -0.09904102171909557
  -0.1089867360653536
  -0.1189215517232576
  -0.1288444752117279
  -0.138754514238369
  -0.1486506777986649
  -0.1585319762750459
  -0.1683974215358111
  -0.1782460270339081
  -0.1880768079055446
  -0.1978887810686349
  -0.2076809653210587
  -0.2174523814387415
  -0.227202052273523
  -0.2369290028508235
  -0.246632260467083
  -0.2563108547869806
  -0.2659638179404025
  -0.275590184619172
  -0.2851889921735067
  -0.2947592807082238
  -0.3043000931786495
  -0.3138104754862514
  -0.3232894765739682
  -0.3327361485212283
  -0.3421495466386604
  -0.3515287295624638
  -0.3608727593484564
  -0.3701807015657577
  -0.3794516253901372
  -0.3886846036969789
  -0.3978787131538821
  -0.4070330343128685
  -0.4161466517022072
  -0.4252186539178233
  -0.4342481337143032
  -0.4432341880954696
  -0.4521759184045351
  -0.4610724304138061
  -0.4699228344139399
  -0.4787262453027421
  -0.4874817826734967
  -0.4961885709028193
  -0.5048457392380199
  -0.5134524218839709
  -0.5220077580894751
  -0.5305108922331156
  -0.5389609739085817
  -0.5473571580094678
  -0.555698604813526
  -0.5639844800663762
  -0.5722139550646528
  -0.5803862067385865
  -0.5885004177340096
  -0.5965557764937799
  -0.6045514773386063
  -0.612486720547281
  -0.620360712436292
  -0.6281726654388267
  -0.6359217981831415
  -0.643607335570302
  -0.6512285088512717
  -0.6587845557033598
  -0.6662747203059978
  -0.6736982534158564
  -0.6810544124412801
  -0.6883424615160398
  -0.695561671572394
  -0.7027113204134463
  -0.7097906927847948
  -0.7167990804454685
  -0.723735782238135
  -0.730600104158577
  -0.7373913594244326
  -0.7441088685431789
  -0.7507519593793726
  -0.7573199672211166
  -0.763812234845763
  -0.7702281125848318
  -0.7765669583881538
  -0.7828281378872071
  -0.7890110244576671
  -0.7951149992811366
  -0.8011394514060726
  -0.8070837778078777
  -0.8129473834481771
  -0.8187296813332443
  -0.8244300925715955
  -0.830048046430726
  -0.8355829803929913
  -0.8410343402106246
  -0.8464015799598819
  -0.8516841620943085
  -0.8568815574971238
  -0.8619932455327066
  -0.8670187140971946
  -0.8719574596681654
  -0.8768089873534153
  -0.8815728109388179
  -0.8862484529352537
  -0.8908354446246145
  -0.8953333261048706
  -0.8997416463341847
  -0.9040599631740891
  -0.9082878434316972
  -0.9124248629009564
  -0.9164706064029309
  -0.9204246678251087
  -0.9242866501597313
  -0.9280561655411323
  -0.9317328352820873
  -0.9353162899091554
  -0.9388061691970324
  -0.942202122201875
  -0.9455038072936228
  -0.9487108921872864
  -0.9518230539732193
  -0.9548399791463424
  -0.9577613636343414
  -0.9605869128248081
  -0.9633163415913426
  -0.9659493743185847
  -0.9684857449261948
  -0.9709251968917649
  -0.9732674832726489
  -0.9755123667267236
  -0.9776596195320613
  -0.9797090236055146
  -0.9816603705201998
  -0.9835134615218923
  -0.9852681075443039
  -0.9869241292232556
  -0.9884813569097328
  -0.9899396306818182
