  -0.125
  -0.1398254995833332
  -0.1543039933333334
  -0.16843846625
  -0.1822318933333333
  -0.1956872395833329
  -0.2088074600000003
  -0.2215954995833331
  -0.2340542933333336
  -0.2461867662499999
  -0.2579958333333339
  -0.2694843995833334
  -0.2806553600000001
  -0.2915115995833331
  -0.3020559933333338
  -0.3122914062500002
  -0.3222206933333336
  -0.3318466995833331
  -0.34117226
  -0.3502001995833335
  -0.3589333333333335
  -0.36737446625
  -0.3755263933333335
  -0.3833918995833332
  -0.3909737600000001
  -0.3982747395833335
  -0.4052975933333334
  -0.4120450662500004
  -0.4185198933333338
  -0.4247247995833334
  -0.4306624999999999
  -0.4363356995833336
  -0.4417470933333334
  -0.4468993662500003
  -0.4517951933333335
  -0.4564372395833332
  -0.4608281600000002
  -0.4649705995833333
  -0.4688671933333335
  -0.4725205662500001
  -0.4759333333333333
  -0.4791080995833334
  -0.4820474600000002
  -0.4847539995833334
  -0.4872302933333332
  -0.4894789062500002
  -0.4915023933333336
  -0.4933032995833333
  -0.4948841599999998
  -0.4962474995833335
  -0.4973958333333337
  -0.4983316662499999
  -0.4990574933333334
  -0.4995757995833334
  -0.4998890599999999
  -0.4999997395833335
  -0.4999102933333333
  -0.4996231662500001
  -0.4991407933333332
  -0.4984655995833336
  -0.4976
  -0.4965463995833335
  -0.4953071933333333
  -0.4938847662500001
  -0.4922814933333333
  -0.4904997395833335
  -0.48854186
  -0.4864101995833336
  -0.4841070933333336
  -0.4816348662499998
  -0.4789958333333333
  -0.4761922995833332
  -0.4732265600000003
  -0.4701008995833336
  -0.4668175933333334
  -0.46337890625
  -0.4597870933333332
  -0.4560443995833336
  -0.4521530600000001
  -0.4481152995833333
  -0.4439333333333337
  -0.43960936625
  -0.435145593333333
  -0.4305441995833335
  -0.4258073600000001
  -0.4209372395833335
  -0.4159359933333333
  -0.41080576625
  -0.4055486933333332
  -0.4001668995833334
  -0.3946625000000001
  -0.3890375995833333
  -0.3832942933333332
  -0.3774346662499999
  -0.3714607933333334
  -0.3653747395833333
  -0.3591785599999999
  -0.3528742995833334
  -0.3464639933333331
  -0.3399496662499999
  -0.3333333333333335
  -0.3266169995833335
  -0.3198026600000001
  -0.3128922995833332
  -0.3058878933333331
  -0.2987914062499999
  -0.2916047933333332
  -0.2843299995833333
  -0.27696896
  -0.2695235995833334
  -0.2619958333333334
  -0.2543875662499999
  -0.2467006933333333
  -0.2389370995833333
  -0.2310986599999998
  -0.2231872395833332
  -0.2152046933333334
  -0.20715286625
  -0.1990335933333334
  -0.1908486995833336
  -0.1826000000000001
  -0.1742892995833336
  -0.1659183933333335
  -0.1574890662500001
  -0.1490030933333333
  -0.1404622395833335
  -0.1318682600000001
  -0.1232228995833333
  -0.1145278933333334
  -0.1057849662500001
  -0.09699583333333317
  -0.08816219958333349
  -0.07928575999999987
  -0.07036819958333318
  -0.06141119333333322
  -0.05241640624999988
  -0.0433854933333333
  -0.03432009958333326
  -0.02522185999999982
  -0.01609239958333331
  -0.006933333333333236
  0.002253733749999931
  0.01146720666666645
  0.02070550041666652
  0.02996703999999994
  0.03925026041666657
  0.04855360666666664
  0.05787553374999987
  0.06721450666666662
  0.07656900041666659
  0.0859375
  0.09531850041666656
  0.1047105066666667
  0.11411203375
  0.1235216066666667
  0.1329377604166667
  0.14235904
  0.1517840004166667
  0.1612112066666667
  0.1706392337500001
  0.1800666666666667
  0.1894921004166668
  0.19891414
  0.2083314004166668
  0.2177425066666667
  0.2271460937500002
  0.2365408066666669
  0.2459253004166666
  0.25529824
  0.2646583004166666
  0.2740041666666667
  0.2833345337500001
  0.2926481066666667
  0.3019436004166667
  0.31121974
  0.3204752604166665
  0.3297089066666666
  0.33891943375
  0.3481056066666667
  0.3572662004166667
  0.3663999999999999
  0.3755058004166666
  0.3845824066666668
  0.39362863375
  0.4026433066666667
  0.4116252604166668
  0.4205733400000001
  0.4294864004166667
  0.4383633066666668
  0.4472029337500001
  0.4560041666666668
  0.4647659004166668
  0.4734870399999999
  0.4821665004166666
  0.4908032066666667
  0.4993960937499999
  0.5079441066666667
  0.5164462004166667
  0.52490134
  0.5333085004166667
  0.5416666666666667
  0.5499748337500001
  0.5582320066666666
  0.5664372004166669
  0.57458944
  0.5826877604166665
  0.5907312066666667
  0.5987188337499998
  0.6066497066666667
  0.6145229004166666
  0.6223375
  0.6300926004166666
  0.6377873066666668
  0.64542073375
  0.6529920066666668
  0.6605002604166665
  0.6679446400000001
  0.6753243004166666
  0.6826384066666668
  0.68988613375
  0.6970666666666667
  0.7041792004166667
  0.7112229400000001
  0.7181971004166666
  0.7251009066666668
  0.73193359375
  0.7386944066666669
  0.7453826004166667
  0.7519974400000002
  0.7585382004166668
  0.7650041666666668
  0.7713946337500001
  0.7777089066666666
  0.7839463004166667
  0.7901061399999999
  0.7961877604166667
  0.8021905066666666
  0.8081137337500001
  0.8139568066666666
  0.8197191004166667
  0.8253999999999999
  0.8309989004166667
  0.8365152066666666
  0.8419483337500001
  0.8472977066666667
  0.8525627604166668
  0.85774294
  0.8628377004166667
  0.8678465066666666
  0.8727688337500001
  0.8776041666666666
  0.8823520004166667
  0.88701184
  0.8915832004166668
  0.8960656066666667
  0.9004585937500001
  0.9047617066666667
  0.9089745004166666
  0.9130965400000001
  0.9171274004166666
  0.9210666666666667
  0.92491393375
  0.9286688066666667
  0.9323309004166667
  0.93589984
  0.9393752604166666
  0.9427568066666667
  0.94604413375
  0.9492369066666667
  0.9523348004166666
  0.9553375000000001
  0.9582447004166667
  0.9610561066666667
  0.96377143375
  0.9663904066666668
  0.9689127604166666
  0.97133824
  0.9736666004166666
  0.9758976066666667
  0.97803103375
  0.9800666666666668
  0.9820043004166666
  0.98384374
  0.9855848004166666
  0.9872273066666667
  0.9887710937500001
  0.9902160066666666
  0.9915619004166667
  0.99280864
  0.9939561004166667
  0.9950041666666667
  0.99595273375
  0.9968017066666667
  0.9975510004166667
  0.99820054
  0.9987502604166667
  0.9992001066666667
  0.99955003375
  0.9998000066666667
  0.9999500004166667
  1
  0.9999500004166667
  0.9998000066666667
  0.99955003375
  0.9992001066666667
  0.9987502604166667
  0.99820054
  0.9975510004166667
  0.9968017066666667
  0.99595273375
  0.9950041666666667
  0.9939561004166667
  0.99280864
  0.9915619004166667
  0.9902160066666666
  0.9887710937500001
  0.9872273066666667
  0.9855848004166666
  0.98384374
  0.9820043004166666
  0.9800666666666666
  0.97803103375
  0.9758976066666666
  0.9736666004166666
  0.9713382399999999
  0.9689127604166666
  0.9663904066666666
  0.96377143375
  0.9610561066666666
  0.9582447004166667
  0.9553375
  0.9523348004166666
  0.9492369066666666
  0.94604413375
  0.9427568066666667
  0.9393752604166666
  0.93589984
  0.9323309004166667
  0.9286688066666667
  0.92491393375
  0.9210666666666667
  0.9171274004166666
  0.9130965400000001
  0.9089745004166666
  0.9047617066666667
  0.9004585937499999
  0.8960656066666667
  0.8915832004166666
  0.88701184
  0.8823520004166666
  0.8776041666666666
  0.8727688337499999
  0.8678465066666666
  0.8628377004166665
  0.85774294
  0.8525627604166666
  0.8472977066666667
  0.8419483337499998
  0.8365152066666666
  0.8309989004166667
  0.8253999999999999
  0.8197191004166667
  0.8139568066666666
  0.8081137337500001
  0.8021905066666666
  0.7961877604166667
  0.7901061399999999
  0.7839463004166667
  0.7777089066666666
  0.7713946337500001
  0.7650041666666666
  0.7585382004166668
  0.7519974399999999
  0.7453826004166667
  0.7386944066666665
  0.73193359375
  0.7251009066666665
  0.7181971004166666
  0.7112229399999999
  0.7041792004166667
  0.6970666666666665
  0.68988613375
  0.6826384066666664
  0.6753243004166666
  0.6679446400000001
  0.6605002604166665
  0.6529920066666668
  0.64542073375
  0.6377873066666668
  0.6300926004166666
  0.6223375
  0.6145229004166666
  0.6066497066666667
  0.5987188337499998
  0.5907312066666667
  0.5826877604166665
  0.57458944
  0.5664372004166666
  0.5582320066666666
  0.5499748337499998
  0.5416666666666667
  0.5333085004166669
  0.5249013399999995
  0.5164462004166666
  0.5079441066666667
  0.4993960937500002
  0.4908032066666662
  0.4821665004166664
  0.4734870399999999
  0.4647659004166668
  0.456004166666667
  0.4472029337499998
  0.4383633066666667
  0.4294864004166667
  0.4205733400000004
  0.4116252604166662
  0.4026433066666666
  0.39362863375
  0.3845824066666669
  0.3755058004166663
  0.3663999999999997
  0.3572662004166667
  0.3481056066666668
  0.3389194337499996
  0.3297089066666665
  0.3204752604166665
  0.3112197400000003
  0.3019436004166663
  0.2926481066666665
  0.2833345337500001
  0.2740041666666668
  0.2646583004166662
  0.2552982399999997
  0.2459253004166666
  0.2365408066666669
  0.2271460937499995
  0.2177425066666665
  0.2083314004166666
  0.19891414
  0.1894921004166669
  0.1800666666666663
  0.1706392337499999
  0.1612112066666667
  0.1517840004166668
  0.1423590399999997
  0.1329377604166666
  0.1235216066666667
  0.1141120337500003
  0.1047105066666663
  0.09531850041666645
  0.0859375
  0.0765690004166667
  0.06721450666666617
  0.05787553374999965
  0.04855360666666664
  0.03925026041666679
  0.0299670399999995
  0.0207055004166663
  0.01146720666666645
  0.002253733750000042
  -0.006933333333333902
  -0.01609239958333375
  -0.02522186000000004
  -0.03432009958333326
  -0.04338549333333308
  -0.05241640625000032
  -0.06141119333333345
  -0.07036819958333318
  -0.07928575999999987
  -0.08816219958333371
  -0.09699583333333361
  -0.1057849662500001
  -0.1145278933333331
  -0.1232228995833338
  -0.1318682600000003
  -0.1404622395833335
  -0.1490030933333331
  -0.1574890662500004
  -0.1659183933333337
  -0.1742892995833336
  -0.1825999999999999
  -0.1908486995833336
  -0.1990335933333336
  -0.20715286625
  -0.2152046933333331
  -0.2231872395833336
  -0.2310986600000002
  -0.2389370995833335
  -0.2467006933333333
  -0.2543875662499997
  -0.2619958333333334
  -0.2695235995833334
  -0.27696896
  -0.2843299995833333
  -0.2916047933333337
  -0.2987914062500001
  -0.3058878933333331
  -0.3128922995833332
  -0.3198026600000001
  -0.3266169995833335
  -0.3333333333333335
  -0.3399496662499999
  -0.3464639933333338
  -0.3528742995833334
  -0.3591785599999999
  -0.3653747395833333
  -0.3714607933333338
  -0.3774346662500003
  -0.3832942933333332
  -0.3890375995833333
  -0.3946625000000004
  -0.4001668995833336
  -0.4055486933333332
  -0.41080576625
  -0.4159359933333333
  -0.4209372395833335
  -0.4258073600000001
  -0.4305441995833335
  -0.435145593333333
  -0.4396093662500002
  -0.4439333333333337
  -0.4481152995833333
  -0.4521530600000001
  -0.4560443995833336
  -0.4597870933333332
  -0.46337890625
  -0.4668175933333334
  -0.4701008995833336
  -0.4732265600000003
  -0.4761922995833332
  -0.4789958333333333
  -0.4816348662500001
  -0.4841070933333333
  -0.4864101995833336
  -0.48854186
  -0.4904997395833335
  -0.4922814933333333
  -0.4938847662500001
  -0.4953071933333333
  -0.4965463995833335
  -0.4976000000000003
  -0.4984655995833336
  -0.4991407933333332
  -0.4996231662500001
  -0.4999102933333333
  -0.4999997395833335
  -0.4998890599999999
  -0.4995757995833334
  -0.4990574933333334
  -0.4983316662499999
  -0.4973958333333337
  -0.4962474995833335
  -0.4948841600000002
  -0.4933032995833335
  -0.4915023933333336
  -0.4894789062500002
  -0.487230293333333
  -0.4847539995833334
  -0.4820474600000002
  -0.4791080995833334
  -0.4759333333333331
  -0.4725205662500001
  -0.4688671933333335
  -0.4649705995833333
  -0.4608281599999999
  -0.4564372395833334
  -0.4517951933333335
  -0.4468993662500003
  -0.4417470933333336
  -0.4363356995833332
  -0.4306624999999999
  -0.4247247995833334
  -0.4185198933333338
  -0.4120450662499999
  -0.4052975933333334
  -0.3982747395833335
  -0.3909737600000001
  -0.3833918995833332
  -0.375526393333333
  -0.36737446625
  -0.3589333333333335
  -0.350200199583333
  -0.34117226
  -0.3318466995833331
  -0.3222206933333336
  -0.3122914062499995
  -0.3020559933333333
  -0.2915115995833331
  -0.2806553600000001
  -0.269484399583334
  -0.2579958333333328
  -0.2461867662499999
  -0.2340542933333336
  -0.2215954995833336
  -0.2088074599999996
  -0.1956872395833329
  -0.1822318933333333
  -0.1684384662500007
  -0.1543039933333328
  -0.1398254995833332
  -0.125
