  -0.9747767857142859
  -0.9738092839819001
  -0.9727285580158802
  -0.9715351348761121
  -0.9702295431649481
  -0.9688123131685571
  -0.9672839769948622
  -0.9656450687081022
  -0.9638961244600355
  -0.962037682617827
  -0.9600702838886415
  -0.9579944714409709
  -0.9558107910227329
  -0.9535197910761588
  -0.951122022849509
  -0.9486180405056417
  -0.9460084012274574
  -0.9432936653202624
  -0.9404743963110642
  -0.9375511610448364
  -0.9345245297777778
  -0.9313950762676007
  -0.9281633778608611
  -0.9248300155773799
  -0.9213955741917643
  -0.917860642312065
  -0.9142258124556069
  -0.9104916811219934
  -0.90665884886335
  -0.9027279203517944
  -0.8986995044441961
  -0.8945742142442263
  -0.8903526671617403
  -0.886035484969512
  -0.8816232938573589
  -0.8771167244836611
  -0.8725164120243289
  -0.8678229962192263
  -0.8630371214160852
  -0.8581594366119325
  -0.8531905954920633
  -0.8481312564665771
  -0.8429820827045083
  -0.8377437421655816
  -0.832416907629608
  -0.8270022567235544
  -0.8215004719463119
  -0.8159122406911845
  -0.8102382552661298
  -0.8044792129117715
  -0.7986358158172124
  -0.7927087711336713
  -0.7866987909859726
  -0.7806065924819057
  -0.7744328977194905
  -0.7681784337921618
  -0.7618439327919089
  -0.7554301318103831
  -0.7489377729380113
  -0.7423676032611255
  -0.7357203748571428
  -0.7289968447878221
  -0.7221977750906068
  -0.7153239327680954
  -0.7083760897756535
  -0.7013550230071914
  -0.6942615142791388
  -0.6870963503126293
  -0.6798603227139226
  -0.6725542279530978
  -0.6651788673410217
  -0.6577350470046324
  -0.6502235778605512
  -0.6426452755870524
  -0.63500096059441
  -0.6272914579936437
  -0.6195175975636906
  -0.6116802137170196
  -0.6037801454637233
  -0.5958182363740865
  -0.5877953345396827
  -0.5797122925329967
  -0.5715699673656114
  -0.5633692204449694
  -0.5551109175297406
  -0.5467959286838096
  -0.5384251282289152
  -0.5299993946959463
  -0.5215196107749409
  -0.5129866632637796
  -0.5044014430156252
  -0.4957648448851022
  -0.4870777676732618
  -0.4783411140713321
  -0.4695557906032912
  -0.4607227075672731
  -0.4518427789758335
  -0.44291692249509
  -0.433946059382768
  -0.4249311144251573
  -0.4158730158730159
  -0.4067726953764272
  -0.3976310879186418
  -0.3884491317489169
  -0.3792277683143761
  -0.3699679421909092
  -0.360670601013132
  -0.3513366954034238
  -0.3419671789000647
  -0.3325630078844908
  -0.3231251415076883
  -0.3136545416157415
  -0.304152172674558
  -0.2946190016937917
  -0.2850559981499743
  -0.2754641339088841
  -0.2658443831471649
  -0.256197722273213
  -0.2465251298473576
  -0.2368275865013441
  -0.227106074857143
  -0.2173615794451067
  -0.2075950866214844
  -0.1978075844853171
  -0.1880000627947334
  -0.1781735128826567
  -0.1683289275719511
  -0.1584673010900142
  -0.1485896289828408
  -0.1386969080285712
  -0.1287901361505457
  -0.1188703123298764
  -0.1089384365175603
  -0.09899550954614456
  -0.08904253304096565
  -0.0790805093309761
  -0.06911044135917765
  -0.05913333259267572
  -0.04915018693237339
  -0.03916200862231944
  -0.02916980215873011
  -0.01917457219869578
  -0.009177323468592569
  0.0008209393277824883
  0.01081921160134802
  0.02081648897011501
  0.03081176735180158
  0.04080404305666208
  0.05079231288051744
  0.06077557419797253
  0.0707528250558036
  0.08072306426649944
  0.09068529150194538
  0.1006385073872295
  0.1105817135945614
  0.120513912937284
  0.1304341094639675
  0.1403413085525681
  0.1502345170046385
  0.1601127431395755
  0.1699749968888891
  0.1798202898904802
  0.1896476355829134
  0.1994560492996694
  0.2092445483633609
  0.2190121521799057
  0.2287578823326328
  0.2384807626763186
  0.2481798194311299
  0.2578540812764674
  0.2675025794446924
  0.2771243478147261
  0.2867184230055051
  0.2962838444692837
  0.3058196545847666
  0.315324898750063
  0.3247986254754444
  0.3342398864758989
  0.3436477367634649
  0.3530212347393349
  0.3623594422857144
  0.3716614248574263
  0.3809262515732472
  0.3901529953069628
  0.3993407327781321
  0.4084885446425481
  0.4175955155823823
  0.4266607343960021
  0.4356832940874503
  0.4446622919555731
  0.4535968296827878
  0.4624860134234772
  0.4713289538919995
  0.4801247664503047
  0.4888725711951437
  0.4975714930448608
  0.5062206618257596
  0.5148192123580297
  0.5233662845412257
  0.5318610234392851
  0.5403025793650793
  0.5486901079644836
  0.5570227702999553
  0.5652997329336167
  0.5735201680098216
  0.5816832533372094
  0.5897881724702234
  0.5978341147900922
  0.6058202755852649
  0.6137458561312826
  0.6216100637700894
  0.6294121119887587
  0.6371512204976415
  0.6448266153079126
  0.6524375288085192
  0.6599831998425107
  0.6674628737827534
  0.6748758026070076
  0.6822212449723741
  0.689498466289086
  0.696706738793651
  0.7038453416213247
  0.7109135608779179
  0.7179106897109169
  0.724836028379923
  0.7316888843263898
  0.7384685722426629
  0.7451744141403027
  0.7518057394176938
  0.7583618849269234
  0.7648421950399307
  0.7712460217139114
  0.7775727245559776
  0.7838216708870609
  0.7899922358050527
  0.7960838022471799
  0.8020957610515985
  0.8080275110182125
  0.8138784589686967
  0.8196480198057313
  0.8253356165714285
  0.8309406805049571
  0.8364626510993478
  0.8419009761574844
  0.8472551118472624
  0.8525245227559224
  0.8577086819435407
  0.8628070709956801
  0.8678191800751902
  0.8727445079731548
  0.8775825621589781
  0.8823328588296082
  0.8869949229578884
  0.8915682883400359
  0.8960524976422383
  0.9004471024463676
  0.9047516632948023
  0.9089657497343572
  0.9130889403593139
  0.9171208228535472
  0.921060994031746
  0.9249090598797199
  0.9286646355937924
  0.9323273456192718
  0.9358968236880004
  0.9393727128549737
  0.9427546655340302
  0.9460423435326041
  0.9492354180855412
  0.9523335698879705
  0.9553364891272322
  0.9582438755138558
  0.9610554383115868
  0.9637708963664576
  0.9663899781349021
  0.9689124217109075
  0.9713379748522043
  0.9736663950054889
  0.9758974493306787
  0.9780309147241942
  0.9800665778412699
  0.9820042351172872
  0.9838436927881312
  0.9855847669095663
  0.9872272833756299
  0.9887710779360439
  0.990215996212638
  0.9915618937147884
  0.9928086358538664
  0.9939560979566969
  0.9950041652780258
  0.9959527330119943
  0.9968017063026193
  0.9975510002532796
  0.9982005399352042
  0.9987502603949663
  0.9992001066609779
  0.9995500337489875
  0.9998000066665778
  0.9999500004166653
  1
  0.9999500004166653
  0.9998000066665778
  0.9995500337489875
  0.9992001066609779
  0.9987502603949663
  0.9982005399352042
  0.9975510002532796
  0.9968017063026193
  0.9959527330119943
  0.9950041652780258
  0.9939560979566969
  0.9928086358538664
  0.9915618937147884
  0.990215996212638
  0.9887710779360439
  0.9872272833756299
  0.9855847669095663
  0.9838436927881312
  0.9820042351172872
  0.9800665778412698
  0.9780309147241942
  0.9758974493306786
  0.9736663950054889
  0.9713379748522042
  0.9689124217109075
  0.966389978134902
  0.9637708963664576
  0.9610554383115867
  0.9582438755138558
  0.955336489127232
  0.9523335698879705
  0.949235418085541
  0.9460423435326041
  0.9427546655340302
  0.9393727128549737
  0.9358968236880004
  0.9323273456192718
  0.9286646355937924
  0.9249090598797199
  0.921060994031746
  0.9171208228535472
  0.9130889403593139
  0.9089657497343572
  0.9047516632948023
  0.9004471024463675
  0.8960524976422383
  0.8915682883400357
  0.8869949229578884
  0.8823328588296081
  0.8775825621589781
  0.8727445079731546
  0.8678191800751902
  0.8628070709956799
  0.8577086819435407
  0.8525245227559222
  0.8472551118472624
  0.8419009761574842
  0.8364626510993478
  0.8309406805049571
  0.8253356165714285
  0.8196480198057313
  0.8138784589686967
  0.8080275110182125
  0.8020957610515985
  0.7960838022471799
  0.7899922358050527
  0.7838216708870609
  0.7775727245559776
  0.7712460217139114
  0.7648421950399305
  0.7583618849269234
  0.7518057394176935
  0.7451744141403027
  0.7384685722426627
  0.7316888843263898
  0.7248360283799227
  0.7179106897109169
  0.7109135608779176
  0.7038453416213247
  0.6967067387936505
  0.689498466289086
  0.6822212449723739
  0.6748758026070076
  0.6674628737827534
  0.6599831998425107
  0.6524375288085192
  0.6448266153079126
  0.6371512204976415
  0.6294121119887587
  0.6216100637700894
  0.6137458561312826
  0.6058202755852649
  0.5978341147900922
  0.5897881724702234
  0.5816832533372094
  0.5735201680098216
  0.5652997329336162
  0.5570227702999553
  0.5486901079644833
  0.5403025793650793
  0.5318610234392852
  0.5233662845412252
  0.5148192123580296
  0.5062206618257596
  0.497571493044861
  0.4888725711951433
  0.4801247664503044
  0.4713289538919995
  0.4624860134234772
  0.453596829682788
  0.4446622919555727
  0.43568329408745
  0.4266607343960021
  0.4175955155823825
  0.4084885446425478
  0.3993407327781319
  0.3901529953069628
  0.3809262515732474
  0.3716614248574259
  0.3623594422857142
  0.3530212347393349
  0.3436477367634652
  0.3342398864758985
  0.3247986254754442
  0.315324898750063
  0.3058196545847669
  0.2962838444692832
  0.286718423005505
  0.2771243478147261
  0.2675025794446926
  0.257854081276467
  0.2481798194311298
  0.2384807626763186
  0.2287578823326328
  0.219012152179905
  0.2092445483633606
  0.1994560492996691
  0.1896476355829134
  0.1798202898904803
  0.1699749968888885
  0.1601127431395754
  0.1502345170046385
  0.1403413085525684
  0.1304341094639672
  0.1205139129372839
  0.1105817135945614
  0.1006385073872296
  0.09068529150194471
  0.08072306426649933
  0.0707528250558036
  0.06077557419797286
  0.050792312880517
  0.04080404305666185
  0.03081176735180158
  0.02081648897011523
  0.01081921160134758
  0.0008209393277822663
  -0.009177323468592569
  -0.01917457219869534
  -0.02916980215873055
  -0.03916200862231989
  -0.04915018693237361
  -0.05913333259267572
  -0.06911044135917743
  -0.07908050933097655
  -0.08904253304096588
  -0.09899550954614456
  -0.1089384365175601
  -0.1188703123298769
  -0.1287901361505459
  -0.1386969080285712
  -0.1485896289828403
  -0.1584673010900148
  -0.1683289275719511
  -0.1781735128826567
  -0.1880000627947329
  -0.1978075844853178
  -0.2075950866214846
  -0.2173615794451067
  -0.2271060748571425
  -0.2368275865013443
  -0.2465251298473581
  -0.256197722273213
  -0.2658443831471646
  -0.2754641339088848
  -0.2850559981499747
  -0.294619001693792
  -0.304152172674558
  -0.3136545416157412
  -0.323125141507689
  -0.332563007884491
  -0.3419671789000647
  -0.3513366954034234
  -0.3606706010131326
  -0.3699679421909094
  -0.3792277683143761
  -0.3884491317489165
  -0.397631087918642
  -0.4067726953764275
  -0.4158730158730159
  -0.4249311144251573
  -0.433946059382768
  -0.44291692249509
  -0.4518427789758335
  -0.4607227075672731
  -0.4695557906032919
  -0.4783411140713325
  -0.4870777676732618
  -0.4957648448851022
  -0.5044014430156254
  -0.5129866632637803
  -0.5215196107749409
  -0.5299993946959463
  -0.5384251282289145
  -0.5467959286838102
  -0.5551109175297406
  -0.5633692204449694
  -0.5715699673656114
  -0.5797122925329969
  -0.5877953345396827
  -0.5958182363740865
  -0.6037801454637233
  -0.6116802137170205
  -0.6195175975636906
  -0.6272914579936437
  -0.63500096059441
  -0.6426452755870529
  -0.6502235778605512
  -0.6577350470046324
  -0.6651788673410217
  -0.6725542279530985
  -0.6798603227139228
  -0.6870963503126293
  -0.6942615142791388
  -0.7013550230071921
  -0.7083760897756537
  -0.7153239327680954
  -0.7221977750906068
  -0.7289968447878219
  -0.7357203748571433
  -0.7423676032611255
  -0.7489377729380113
  -0.7554301318103831
  -0.7618439327919089
  -0.7681784337921618
  -0.7744328977194905
  -0.7806065924819057
  -0.7866987909859728
  -0.7927087711336713
  -0.7986358158172124
  -0.8044792129117715
  -0.81023825526613
  -0.815912240691185
  -0.8215004719463119
  -0.8270022567235544
  -0.832416907629608
  -0.8377437421655813
  -0.8429820827045083
  -0.8481312564665771
  -0.853190595492064
  -0.8581594366119327
  -0.8630371214160852
  -0.8678229962192263
  -0.8725164120243287
  -0.8771167244836613
  -0.8816232938573589
  -0.886035484969512
  -0.8903526671617397
  -0.894574214244227
  -0.8986995044441961
  -0.9027279203517944
  -0.90665884886335
  -0.9104916811219941
  -0.9142258124556069
  -0.917860642312065
  -0.9213955741917643
  -0.9248300155773805
  -0.9281633778608616
  -0.9313950762676007
  -0.9345245297777778
  -0.9375511610448364
  -0.9404743963110644
  -0.9432936653202624
  -0.9460084012274574
  -0.9486180405056419
  -0.9511220228495094
  -0.9535197910761588
  -0.9558107910227329
  -0.9579944714409707
  -0.9600702838886412
  -0.962037682617827
  -0.9638961244600355
  -0.9656450687081026
  -0.9672839769948627
  -0.9688123131685571
  -0.9702295431649481
  -0.9715351348761121
  -0.9727285580158802
  -0.9738092839819001
  -0.9747767857142859
