  1.33333
  0.6666649999999995
  0.3333324999999991
  0.1666662499999982
  0.08333312499999644
  0.04166656249999289
  0.02083328124998579
  0.01041664062497158
  0.005208320312443156
  0.002604160156136313
  0.001302080077897626
  0.0006510400386077526
  0.0003255200186217553
  0.0001627600079466356
  8.138000124483369e-05
  4.068999516544863e-05
  2.03449866687879e-05
  1.017247150652111e-05
  5.086192097514867e-06
  2.543008737266064e-06
  1.271329745650291e-06
  6.353156268596649e-07
  3.169593214988708e-07
  1.570826768875122e-07
  7.574737071990966e-08
  3.228574991226196e-08
  4.967004060745238e-09
  1.986823976039886e-08
  5.46376034617424e-08
  1.167257688939571e-07
  2.371768187731505e-07
  4.76216278038919e-07
  9.53363876324147e-07
  1.907193412771449e-06
  3.814619655604474e-06
  7.629355726239737e-06
  1.525876965999487e-05
  3.051756842374744e-05
  6.103515139937372e-05
  0.0001220703100746869
  0.0002441406237873434
  0.0004882812493936717
  0.0009765624996968358
  0.001953124999848418
  0.003906249999924209
  0.007812499999962104
  0.01562499999998105
  0.03124999999999052
  0.06249999999999526
  0.1249999999999976
  0.2499999999999988
  0.4999999999999994
  0.9999999999999997
