  1.375
  0.4560000000000002
  0.193087903831706
  0.08950439713980507
  0.04315999345039162
  0.02120075812800587
  0.01050780073282903
  0.005231027573013469
  0.002609829128100982
  0.001303497565242451
  0.0006513950519107525
  0.0003256091580965959
  0.0001627824956074719
  8.138572877675054e-05
  4.069148349122864e-05
  2.034539988932105e-05
  1.01726159301152e-05
  5.086294550038506e-06
  2.543139999089394e-06
  1.271611836328734e-06
  6.358968676623e-07
  3.178429324734999e-07
  1.591106411624743e-07
  7.97444955069615e-08
  4.202593123503462e-08
  2.002343540974394e-08
  7.450580652434979e-09
  7.450580652434979e-09
  7.450580652434979e-09
  7.450580652434979e-09
  7.450580652434979e-09
  2.086162567693783e-07
  2.086162567693783e-07
  1.013278961237152e-06
  5.960464476983951e-07
  2.622604370172699e-06
  9.059906005914886e-06
  3.814697265569489e-06
  3.814697265569489e-06
  3.814697265569489e-06
  9.918212890630551e-05
  0.0003051757812500555
  0.0003051757812500555
  0.0003051757812500555
  0.001953125000000056
  0.001953125000000056
  0.001953125000000056
  0.001953125000000056
  0.001953125000000056
  0.05468750000000006
  0.05468750000000006
  0.2656250000000001
  1
