  -3
  -2.99
  -2.98
  -2.97
  -2.96
  -2.95
  -2.94
  -2.93
  -2.92
  -2.91
  -2.9
  -2.89
  -2.88
  -2.87
  -2.86
  -2.85
  -2.84
  -2.83
  -2.82
  -2.81
  -2.8
  -2.79
  -2.78
  -2.77
  -2.76
  -2.75
  -2.74
  -2.73
  -2.72
  -2.71
  -2.7
  -2.69
  -2.68
  -2.67
  -2.66
  -2.65
  -2.64
  -2.63
  -2.62
  -2.61
  -2.6
  -2.59
  -2.58
  -2.57
  -2.56
  -2.55
  -2.54
  -2.53
  -2.52
  -2.51
  -2.5
  -2.49
  -2.48
  -2.47
  -2.46
  -2.45
  -2.44
  -2.43
  -2.42
  -2.41
  -2.4
  -2.39
  -2.38
  -2.37
  -2.36
  -2.35
  -2.34
  -2.33
  -2.32
  -2.31
  -2.3
  -2.29
  -2.28
  -2.27
  -2.26
  -2.25
  -2.24
  -2.23
  -2.22
  -2.21
  -2.2
  -2.19
  -2.18
  -2.17
  -2.16
  -2.15
  -2.14
  -2.13
  -2.12
  -2.11
  -2.1
  -2.09
  -2.08
  -2.07
  -2.06
  -2.05
  -2.04
  -2.03
  -2.02
  -2.01
  -2
  -1.99
  -1.98
  -1.97
  -1.96
  -1.95
  -1.94
  -1.93
  -1.92
  -1.91
  -1.9
  -1.89
  -1.88
  -1.87
  -1.86
  -1.85
  -1.84
  -1.83
  -1.82
  -1.81
  -1.8
  -1.79
  -1.78
  -1.77
  -1.76
  -1.75
  -1.74
  -1.73
  -1.72
  -1.71
  -1.7
  -1.69
  -1.68
  -1.67
  -1.66
  -1.65
  -1.64
  -1.63
  -1.62
  -1.61
  -1.6
  -1.59
  -1.58
  -1.57
  -1.56
  -1.55
  -1.54
  -1.53
  -1.52
  -1.51
  -1.5
  -1.49
  -1.48
  -1.47
  -1.46
  -1.45
  -1.44
  -1.43
  -1.42
  -1.41
  -1.4
  -1.39
  -1.38
  -1.37
  -1.36
  -1.35
  -1.34
  -1.33
  -1.32
  -1.31
  -1.3
  -1.29
  -1.28
  -1.27
  -1.26
  -1.25
  -1.24
  -1.23
  -1.22
  -1.21
  -1.2
  -1.19
  -1.18
  -1.17
  -1.16
  -1.15
  -1.14
  -1.13
  -1.12
  -1.11
  -1.1
  -1.09
  -1.08
  -1.07
  -1.06
  -1.05
  -1.04
  -1.03
  -1.02
  -1.01
  -1
  -0.9899999999999998
  -0.98
  -0.9699999999999998
  -0.96
  -0.9500000000000002
  -0.9399999999999999
  -0.9300000000000002
  -0.9199999999999999
  -0.9100000000000001
  -0.8999999999999999
  -0.8900000000000001
  -0.8799999999999999
  -0.8700000000000001
  -0.8599999999999999
  -0.8500000000000001
  -0.8399999999999999
  -0.8300000000000001
  -0.8199999999999998
  -0.8100000000000001
  -0.7999999999999998
  -0.79
  -0.7799999999999998
  -0.77
  -0.7599999999999998
  -0.75
  -0.7399999999999998
  -0.73
  -0.7199999999999998
  -0.71
  -0.6999999999999997
  -0.6899999999999999
  -0.6800000000000002
  -0.6699999999999999
  -0.6600000000000001
  -0.6499999999999999
  -0.6400000000000001
  -0.6299999999999999
  -0.6200000000000001
  -0.6099999999999999
  -0.6000000000000001
  -0.5899999999999999
  -0.5800000000000001
  -0.5699999999999998
  -0.5600000000000001
  -0.5499999999999998
  -0.54
  -0.5299999999999998
  -0.52
  -0.5099999999999998
  -0.5
  -0.4899999999999998
  -0.48
  -0.4699999999999998
  -0.46
  -0.4499999999999997
  -0.4399999999999999
  -0.4300000000000002
  -0.4199999999999999
  -0.4100000000000001
  -0.3999999999999999
  -0.3900000000000001
  -0.3799999999999999
  -0.3700000000000001
  -0.3599999999999999
  -0.3500000000000001
  -0.3399999999999999
  -0.3300000000000001
  -0.3199999999999998
  -0.3100000000000001
  -0.2999999999999998
  -0.29
  -0.2799999999999998
  -0.27
  -0.2599999999999998
  -0.25
  -0.2399999999999998
  -0.23
  -0.2199999999999998
  -0.21
  -0.1999999999999997
  -0.1899999999999999
  -0.1800000000000002
  -0.1699999999999999
  -0.1600000000000001
  -0.1499999999999999
  -0.1400000000000001
  -0.1299999999999999
  -0.1200000000000001
  -0.1099999999999999
  -0.1000000000000001
  -0.08999999999999986
  -0.08000000000000007
  -0.06999999999999984
  -0.06000000000000005
  -0.04999999999999982
  -0.04000000000000004
  -0.0299999999999998
  -0.02000000000000002
  -0.009999999999999787
  0
  0.01000000000000023
  0.02000000000000002
  0.03000000000000025
  0.04000000000000004
  0.05000000000000027
  0.06000000000000005
  0.07000000000000028
  0.08000000000000007
  0.08999999999999986
  0.1000000000000001
  0.1099999999999999
  0.1200000000000001
  0.1299999999999999
  0.1400000000000001
  0.1499999999999999
  0.1600000000000001
  0.1699999999999999
  0.1800000000000002
  0.1899999999999999
  0.2000000000000002
  0.21
  0.2200000000000002
  0.23
  0.2400000000000002
  0.25
  0.2600000000000002
  0.27
  0.2800000000000002
  0.29
  0.3000000000000003
  0.3100000000000001
  0.3200000000000003
  0.3300000000000001
  0.3399999999999999
  0.3500000000000001
  0.3599999999999999
  0.3700000000000001
  0.3799999999999999
  0.3900000000000001
  0.3999999999999999
  0.4100000000000001
  0.4199999999999999
  0.4300000000000002
  0.4399999999999999
  0.4500000000000002
  0.46
  0.4700000000000002
  0.48
  0.4900000000000002
  0.5
  0.5100000000000002
  0.52
  0.5300000000000002
  0.54
  0.5500000000000003
  0.5600000000000001
  0.5700000000000003
  0.5800000000000001
  0.5899999999999999
  0.6000000000000001
  0.6099999999999999
  0.6200000000000001
  0.6299999999999999
  0.6400000000000001
  0.6499999999999999
  0.6600000000000001
  0.6699999999999999
  0.6800000000000002
  0.6899999999999999
  0.7000000000000002
  0.71
  0.7200000000000002
  0.73
  0.7400000000000002
  0.75
  0.7600000000000002
  0.77
  0.7800000000000002
  0.79
  0.8000000000000003
  0.8100000000000001
  0.8200000000000003
  0.8300000000000001
  0.8399999999999999
  0.8500000000000001
  0.8599999999999999
  0.8700000000000001
  0.8799999999999999
  0.8900000000000001
  0.8999999999999999
  0.9100000000000001
  0.9199999999999999
  0.9300000000000002
  0.9399999999999999
  0.9500000000000002
  0.96
  0.9700000000000002
  0.98
  0.9900000000000002
  1
  1.01
  1.02
  1.03
  1.04
  1.05
  1.06
  1.07
  1.08
  1.09
  1.1
  1.11
  1.12
  1.13
  1.14
  1.15
  1.16
  1.17
  1.18
  1.19
  1.2
  1.21
  1.22
  1.23
  1.24
  1.25
  1.26
  1.27
  1.28
  1.29
  1.3
  1.31
  1.32
  1.33
  1.34
  1.350000000000001
  1.36
  1.37
  1.38
  1.39
  1.4
  1.41
  1.42
  1.43
  1.44
  1.45
  1.46
  1.47
  1.48
  1.49
  1.5
  1.51
  1.52
  1.53
  1.54
  1.55
  1.56
  1.57
  1.58
  1.59
  1.600000000000001
  1.61
  1.62
  1.63
  1.64
  1.65
  1.66
  1.67
  1.68
  1.69
  1.7
  1.71
  1.72
  1.73
  1.74
  1.75
  1.76
  1.77
  1.78
  1.79
  1.8
  1.81
  1.82
  1.83
  1.84
  1.850000000000001
  1.86
  1.87
  1.88
  1.89
  1.9
  1.91
  1.92
  1.93
  1.94
  1.95
  1.96
  1.97
  1.98
  1.99
  2
  2.01
  2.02
  2.03
  2.04
  2.05
  2.06
  2.07
  2.08
  2.09
  2.100000000000001
  2.11
  2.12
  2.13
  2.14
  2.15
  2.16
  2.17
  2.18
  2.19
  2.2
  2.21
  2.22
  2.23
  2.24
  2.25
  2.26
  2.27
  2.28
  2.29
  2.3
  2.31
  2.32
  2.33
  2.34
  2.350000000000001
  2.36
  2.37
  2.38
  2.39
  2.4
  2.41
  2.42
  2.43
  2.44
  2.45
  2.46
  2.47
  2.48
  2.49
  2.5
  2.51
  2.52
  2.53
  2.54
  2.55
  2.56
  2.57
  2.58
  2.59
  2.600000000000001
  2.61
  2.62
  2.63
  2.64
  2.65
  2.66
  2.67
  2.68
  2.69
  2.7
  2.71
  2.72
  2.73
  2.74
  2.75
  2.76
  2.77
  2.78
  2.79
  2.8
  2.81
  2.82
  2.83
  2.84
  2.850000000000001
  2.86
  2.87
  2.88
  2.89
  2.9
  2.91
  2.92
  2.93
  2.94
  2.95
  2.96
  2.97
  2.98
  2.99
  3
